"PreSens Measurement Studio 2","3.0.1.1413",""
"Date","Time","Channel","User","SensorID","Sensor_Name","delta_t","Time_Unit","Value","O2_Unit","Mode","Phase","Phase_Unit","Amplitude","Amplitude_Unit","Temp","Temp_Unit","Pressure","Pressure_Unit","Salinity","Salinity_Unit","Error","Cal0","Cal0_Unit","T0","T0_Unit","O2Cal2nd","O2_Unit","Cal2nd","Cal2nd_Unit","T2nd","T2nd_Unit","CalPressure","CalPressure_Unit","f1","dPhi1","dkSv1","dPhi2","dkSv2","m","Cal_Mode","SignalLEDCurrent","User_Signal_Intensity","ReferenceLEDCurrent","Reference_Amplitude","Device_Serial","FwVersion","SwVersion","Sensor_Type","BatchID","Calibration_Date","Sensor_Lot","PreSens_Calibr","Battery_Voltage","Battery_Voltage_Unit"
"08/17/2021","09:58:00","10","default","328281339","OXY_CH10","0.000","min","182.541","μmol/L","Humid","21.830","deg","106163","µV","27.762","°C","1015.000","hPa","35.0","pmil","0","55.560","deg","20.000","°C","100.000","%a.s.","22.340","deg","20.000","°C","962.000","hPa","0.861","-0.02617","0.00035","0","0","13.56","Humid","31.50","0","54.10","281995.60","SABD0002000014","AAV2.0.0.13","3.0.1.1413","PSt7-10","180509-029","9/13/2019 10:47:01 AM","0000-00","0","no battery","V"
"08/17/2021","09:58:01","10","default","328281339","OXY_CH10","0.019","min","182.508","μmol/L","Humid","21.830","deg","106130","µV","27.768","°C","1015.000","hPa","35.0","pmil","0","55.560","deg","20.000","°C","100.000","%a.s.","22.340","deg","20.000","°C","962.000","hPa","0.861","-0.02617","0.00035","0","0","13.56","Humid","31.50","0","54.10","281935.57","SABD0002000014","AAV2.0.0.13","3.0.1.1413","PSt7-10","180509-029","9/13/2019 10:47:01 AM","0000-00","0","no battery","V"
"08/17/2021","09:58:02","10","default","328281339","OXY_CH10","0.036","min","182.557","μmol/L","Humid","21.829","deg","106095","µV","27.762","°C","1015.000","hPa","35.0","pmil","0","55.560","deg","20.000","°C","100.000","%a.s.","22.340","deg","20.000","°C","962.000","hPa","0.861","-0.02617","0.00035","0","0","13.56","Humid","31.50","0","54.10","281895.57","SABD0002000014","AAV2.0.0.13","3.0.1.1413","PSt7-10","180509-029","9/13/2019 10:47:01 AM","0000-00","0","no battery","V"
"08/17/2021","09:58:03","10","default","328281339","OXY_CH10","0.052","min","182.526","μmol/L","Humid","21.831","deg","106082","µV","27.762","°C","1015.000","hPa","35.0","pmil","0","55.560","deg","20.000","°C","100.000","%a.s.","22.340","deg","20.000","°C","962.000","hPa","0.861","-0.02617","0.00035","0","0","13.56","Humid","31.50","0","54.10","281866.85","SABD0002000014","AAV2.0.0.13","3.0.1.1413","PSt7-10","180509-029","9/13/2019 10:47:01 AM","0000-00","0","no battery","V"
"08/17/2021","09:58:04","10","default","328281339","OXY_CH10","0.069","min","182.492","μmol/L","Humid","21.831","deg","106064","µV","27.768","°C","1015.000","hPa","35.0","pmil","0","55.560","deg","20.000","°C","100.000","%a.s.","22.340","deg","20.000","°C","962.000","hPa","0.861","-0.02617","0.00035","0","0","13.56","Humid","31.50","0","54.10","281849.24","SABD0002000014","AAV2.0.0.13","3.0.1.1413","PSt7-10","180509-029","9/13/2019 10:47:01 AM","0000-00","0","no battery","V"
"08/17/2021","09:58:05","10","default","328281339","OXY_CH10","0.086","min","182.506","μmol/L","Humid","21.828","deg","106060","µV","27.774","°C","1015.000","hPa","35.0","pmil","0","55.560","deg","20.000","°C","100.000","%a.s.","22.340","deg","20.000","°C","962.000","hPa","0.861","-0.02617","0.00035","0","0","13.56","Humid","31.50","0","54.10","281830.07","SABD0002000014","AAV2.0.0.13","3.0.1.1413","PSt7-10","180509-029","9/13/2019 10:47:01 AM","0000-00","0","no battery","V"
"08/17/2021","09:58:06","10","default","328281339","OXY_CH10","0.102","min","182.575","μmol/L","Humid","21.830","deg","106047","µV","27.756","°C","1015.000","hPa","35.0","pmil","0","55.560","deg","20.000","°C","100.000","%a.s.","22.340","deg","20.000","°C","962.000","hPa","0.861","-0.02617","0.00035","0","0","13.56","Humid","31.50","0","54.10","281809.61","SABD0002000014","AAV2.0.0.13","3.0.1.1413","PSt7-10","180509-029","9/13/2019 10:47:01 AM","0000-00","0","no battery","V"
"08/17/2021","09:58:07","10","default","328281339","OXY_CH10","0.119","min","182.508","μmol/L","Humid","21.830","deg","106044","µV","27.768","°C","1015.000","hPa","35.0","pmil","0","55.560","deg","20.000","°C","100.000","%a.s.","22.340","deg","20.000","°C","962.000","hPa","0.861","-0.02617","0.00035","0","0","13.56","Humid","31.50","0","54.10","281808.37","SABD0002000014","AAV2.0.0.13","3.0.1.1413","PSt7-10","180509-029","9/13/2019 10:47:01 AM","0000-00","0","no battery","V"
"08/17/2021","09:58:08","10","default","328281339","OXY_CH10","0.136","min","182.510","μmol/L","Humid","21.832","deg","106037","µV","27.762","°C","1015.000","hPa","35.0","pmil","0","55.560","deg","20.000","°C","100.000","%a.s.","22.340","deg","20.000","°C","962.000","hPa","0.861","-0.02617","0.00035","0","0","13.56","Humid","31.50","0","54.10","281799.40","SABD0002000014","AAV2.0.0.13","3.0.1.1413","PSt7-10","180509-029","9/13/2019 10:47:01 AM","0000-00","0","no battery","V"
"08/17/2021","09:58:09","10","default","328281339","OXY_CH10","0.153","min","182.556","μmol/L","Humid","21.827","deg","106033","µV","27.768","°C","1015.000","hPa","35.0","pmil","0","55.560","deg","20.000","°C","100.000","%a.s.","22.340","deg","20.000","°C","962.000","hPa","0.861","-0.02617","0.00035","0","0","13.56","Humid","31.50","0","54.10","281785.75","SABD0002000014","AAV2.0.0.13","3.0.1.1413","PSt7-10","180509-029","9/13/2019 10:47:01 AM","0000-00","0","no battery","V"
"08/17/2021","09:58:10","10","default","328281339","OXY_CH10","0.169","min","182.524","μmol/L","Humid","21.829","deg","106025","µV","27.768","°C","1015.000","hPa","35.0","pmil","0","55.560","deg","20.000","°C","100.000","%a.s.","22.340","deg","20.000","°C","962.000","hPa","0.861","-0.02617","0.00035","0","0","13.56","Humid","31.50","0","54.10","281791.92","SABD0002000014","AAV2.0.0.13","3.0.1.1413","PSt7-10","180509-029","9/13/2019 10:47:01 AM","0000-00","0","no battery","V"
"08/17/2021","09:58:11","10","default","328281339","OXY_CH10","0.186","min","182.524","μmol/L","Humid","21.829","deg","106022","µV","27.768","°C","1015.000","hPa","35.0","pmil","0","55.560","deg","20.000","°C","100.000","%a.s.","22.340","deg","20.000","°C","962.000","hPa","0.861","-0.02617","0.00035","0","0","13.56","Humid","31.50","0","54.10","281782.69","SABD0002000014","AAV2.0.0.13","3.0.1.1413","PSt7-10","180509-029","9/13/2019 10:47:01 AM","0000-00","0","no battery","V"
"08/17/2021","09:58:12","10","default","328281339","OXY_CH10","0.202","min","182.556","μmol/L","Humid","21.827","deg","106019","µV","27.768","°C","1015.000","hPa","35.0","pmil","0","55.560","deg","20.000","°C","100.000","%a.s.","22.340","deg","20.000","°C","962.000","hPa","0.861","-0.02617","0.00035","0","0","13.56","Humid","31.50","0","54.10","281773.95","SABD0002000014","AAV2.0.0.13","3.0.1.1413","PSt7-10","180509-029","9/13/2019 10:47:01 AM","0000-00","0","no battery","V"
"08/17/2021","09:58:13","10","default","328281339","OXY_CH10","0.219","min","182.506","μmol/L","Humid","21.828","deg","106030","µV","27.774","°C","1015.000","hPa","35.0","pmil","0","55.560","deg","20.000","°C","100.000","%a.s.","22.340","deg","20.000","°C","962.000","hPa","0.861","-0.02617","0.00035","0","0","13.56","Humid","31.50","0","54.10","281776.98","SABD0002000014","AAV2.0.0.13","3.0.1.1413","PSt7-10","180509-029","9/13/2019 10:47:01 AM","0000-00","0","no battery","V"
"08/17/2021","09:58:14","10","default","328281339","OXY_CH10","0.236","min","182.473","μmol/L","Humid","21.828","deg","106026","µV","27.780","°C","1015.000","hPa","35.0","pmil","0","55.560","deg","20.000","°C","100.000","%a.s.","22.340","deg","20.000","°C","962.000","hPa","0.861","-0.02617","0.00035","0","0","13.56","Humid","31.50","0","54.10","281766.38","SABD0002000014","AAV2.0.0.13","3.0.1.1413","PSt7-10","180509-029","9/13/2019 10:47:01 AM","0000-00","0","no battery","V"
"08/17/2021","09:58:15","10","default","328281339","OXY_CH10","0.252","min","182.508","μmol/L","Humid","21.830","deg","106012","µV","27.768","°C","1015.000","hPa","35.0","pmil","0","55.560","deg","20.000","°C","100.000","%a.s.","22.340","deg","20.000","°C","962.000","hPa","0.861","-0.02617","0.00035","0","0","13.56","Humid","31.50","0","54.10","281761.82","SABD0002000014","AAV2.0.0.13","3.0.1.1413","PSt7-10","180509-029","9/13/2019 10:47:01 AM","0000-00","0","no battery","V"
"08/17/2021","09:58:16","10","default","328281339","OXY_CH10","0.269","min","182.490","μmol/L","Humid","21.829","deg","106015","µV","27.774","°C","1015.000","hPa","35.0","pmil","0","55.560","deg","20.000","°C","100.000","%a.s.","22.340","deg","20.000","°C","962.000","hPa","0.861","-0.02617","0.00035","0","0","13.56","Humid","31.50","0","54.10","281756.29","SABD0002000014","AAV2.0.0.13","3.0.1.1413","PSt7-10","180509-029","9/13/2019 10:47:01 AM","0000-00","0","no battery","V"
"08/17/2021","09:58:17","10","default","328281339","OXY_CH10","0.285","min","182.505","μmol/L","Humid","21.826","deg","106008","µV","27.780","°C","1015.000","hPa","35.0","pmil","0","55.560","deg","20.000","°C","100.000","%a.s.","22.340","deg","20.000","°C","962.000","hPa","0.861","-0.02617","0.00035","0","0","13.56","Humid","31.50","0","54.10","281754.80","SABD0002000014","AAV2.0.0.13","3.0.1.1413","PSt7-10","180509-029","9/13/2019 10:47:01 AM","0000-00","0","no battery","V"
"08/17/2021","09:58:18","10","default","328281339","OXY_CH10","0.302","min","182.506","μmol/L","Humid","21.828","deg","105994","µV","27.774","°C","1015.000","hPa","35.0","pmil","0","55.560","deg","20.000","°C","100.000","%a.s.","22.340","deg","20.000","°C","962.000","hPa","0.861","-0.02617","0.00035","0","0","13.56","Humid","31.50","0","54.10","281757.49","SABD0002000014","AAV2.0.0.13","3.0.1.1413","PSt7-10","180509-029","9/13/2019 10:47:01 AM","0000-00","0","no battery","V"
"08/17/2021","09:58:19","10","default","328281339","OXY_CH10","0.319","min","182.424","μmol/L","Humid","21.829","deg","105991","µV","27.786","°C","1015.000","hPa","35.0","pmil","0","55.560","deg","20.000","°C","100.000","%a.s.","22.340","deg","20.000","°C","962.000","hPa","0.861","-0.02617","0.00035","0","0","13.56","Humid","31.50","0","54.10","281755.94","SABD0002000014","AAV2.0.0.13","3.0.1.1413","PSt7-10","180509-029","9/13/2019 10:47:01 AM","0000-00","0","no battery","V"
"08/17/2021","09:58:20","10","default","328281339","OXY_CH10","0.336","min","182.522","μmol/L","Humid","21.827","deg","105995","µV","27.774","°C","1015.000","hPa","35.0","pmil","0","55.560","deg","20.000","°C","100.000","%a.s.","22.340","deg","20.000","°C","962.000","hPa","0.861","-0.02617","0.00035","0","0","13.56","Humid","31.50","0","54.10","281738.03","SABD0002000014","AAV2.0.0.13","3.0.1.1413","PSt7-10","180509-029","9/13/2019 10:47:01 AM","0000-00","0","no battery","V"
"08/17/2021","09:58:21","10","default","328281339","OXY_CH10","0.352","min","182.538","μmol/L","Humid","21.826","deg","105989","µV","27.774","°C","1015.000","hPa","35.0","pmil","0","55.560","deg","20.000","°C","100.000","%a.s.","22.340","deg","20.000","°C","962.000","hPa","0.861","-0.02617","0.00035","0","0","13.56","Humid","31.50","0","54.10","281750.51","SABD0002000014","AAV2.0.0.13","3.0.1.1413","PSt7-10","180509-029","9/13/2019 10:47:01 AM","0000-00","0","no battery","V"
"08/17/2021","09:58:22","10","default","328281339","OXY_CH10","0.369","min","182.554","μmol/L","Humid","21.825","deg","105979","µV","27.774","°C","1015.000","hPa","35.0","pmil","0","55.560","deg","20.000","°C","100.000","%a.s.","22.340","deg","20.000","°C","962.000","hPa","0.861","-0.02617","0.00035","0","0","13.56","Humid","31.50","0","54.10","281746.69","SABD0002000014","AAV2.0.0.13","3.0.1.1413","PSt7-10","180509-029","9/13/2019 10:47:01 AM","0000-00","0","no battery","V"
"08/17/2021","09:58:23","10","default","328281339","OXY_CH10","0.386","min","182.522","μmol/L","Humid","21.827","deg","105977","µV","27.774","°C","1015.000","hPa","35.0","pmil","0","55.560","deg","20.000","°C","100.000","%a.s.","22.340","deg","20.000","°C","962.000","hPa","0.861","-0.02617","0.00035","0","0","13.56","Humid","31.50","0","54.10","281731.65","SABD0002000014","AAV2.0.0.13","3.0.1.1413","PSt7-10","180509-029","9/13/2019 10:47:01 AM","0000-00","0","no battery","V"
"08/17/2021","09:58:24","10","default","328281339","OXY_CH10","0.402","min","182.554","μmol/L","Humid","21.825","deg","105972","µV","27.774","°C","1015.000","hPa","35.0","pmil","0","55.560","deg","20.000","°C","100.000","%a.s.","22.340","deg","20.000","°C","962.000","hPa","0.861","-0.02617","0.00035","0","0","13.56","Humid","31.50","0","54.10","281734.71","SABD0002000014","AAV2.0.0.13","3.0.1.1413","PSt7-10","180509-029","9/13/2019 10:47:01 AM","0000-00","0","no battery","V"
"08/17/2021","09:58:25","10","default","328281339","OXY_CH10","0.419","min","182.522","μmol/L","Humid","21.827","deg","105970","µV","27.774","°C","1015.000","hPa","35.0","pmil","0","55.560","deg","20.000","°C","100.000","%a.s.","22.340","deg","20.000","°C","962.000","hPa","0.861","-0.02617","0.00035","0","0","13.56","Humid","31.50","0","54.10","281731.03","SABD0002000014","AAV2.0.0.13","3.0.1.1413","PSt7-10","180509-029","9/13/2019 10:47:01 AM","0000-00","0","no battery","V"
"08/17/2021","09:58:26","10","default","328281339","OXY_CH10","0.435","min","182.487","μmol/L","Humid","21.825","deg","105960","µV","27.786","°C","1015.000","hPa","35.0","pmil","0","55.560","deg","20.000","°C","100.000","%a.s.","22.340","deg","20.000","°C","962.000","hPa","0.861","-0.02617","0.00035","0","0","13.56","Humid","31.50","0","54.10","281721.41","SABD0002000014","AAV2.0.0.13","3.0.1.1413","PSt7-10","180509-029","9/13/2019 10:47:01 AM","0000-00","0","no battery","V"
"08/17/2021","09:58:27","10","default","328281339","OXY_CH10","0.452","min","182.586","μmol/L","Humid","21.823","deg","105960","µV","27.774","°C","1015.000","hPa","35.0","pmil","0","55.560","deg","20.000","°C","100.000","%a.s.","22.340","deg","20.000","°C","962.000","hPa","0.861","-0.02617","0.00035","0","0","13.56","Humid","31.50","0","54.10","281721.83","SABD0002000014","AAV2.0.0.13","3.0.1.1413","PSt7-10","180509-029","9/13/2019 10:47:01 AM","0000-00","0","no battery","V"
"08/17/2021","09:58:28","10","default","328281339","OXY_CH10","0.469","min","182.522","μmol/L","Humid","21.827","deg","105955","µV","27.774","°C","1015.000","hPa","35.0","pmil","0","55.560","deg","20.000","°C","100.000","%a.s.","22.340","deg","20.000","°C","962.000","hPa","0.861","-0.02617","0.00035","0","0","13.56","Humid","31.50","0","54.10","281717.18","SABD0002000014","AAV2.0.0.13","3.0.1.1413","PSt7-10","180509-029","9/13/2019 10:47:01 AM","0000-00","0","no battery","V"
"08/17/2021","09:58:29","10","default","328281339","OXY_CH10","0.485","min","182.584","μmol/L","Humid","21.821","deg","105957","µV","27.780","°C","1015.000","hPa","35.0","pmil","0","55.560","deg","20.000","°C","100.000","%a.s.","22.340","deg","20.000","°C","962.000","hPa","0.861","-0.02617","0.00035","0","0","13.56","Humid","31.50","0","54.10","281723.33","SABD0002000014","AAV2.0.0.13","3.0.1.1413","PSt7-10","180509-029","9/13/2019 10:47:01 AM","0000-00","0","no battery","V"
"08/17/2021","09:58:30","10","default","328281339","OXY_CH10","0.502","min","182.520","μmol/L","Humid","21.825","deg","105953","µV","27.780","°C","1015.000","hPa","35.0","pmil","0","55.560","deg","20.000","°C","100.000","%a.s.","22.340","deg","20.000","°C","962.000","hPa","0.861","-0.02617","0.00035","0","0","13.56","Humid","31.50","0","54.10","281718.20","SABD0002000014","AAV2.0.0.13","3.0.1.1413","PSt7-10","180509-029","9/13/2019 10:47:01 AM","0000-00","0","no battery","V"
"08/17/2021","09:58:31","10","default","328281339","OXY_CH10","0.519","min","182.522","μmol/L","Humid","21.827","deg","105949","µV","27.774","°C","1015.000","hPa","35.0","pmil","0","55.560","deg","20.000","°C","100.000","%a.s.","22.340","deg","20.000","°C","962.000","hPa","0.861","-0.02617","0.00035","0","0","13.56","Humid","31.50","0","54.10","281712.81","SABD0002000014","AAV2.0.0.13","3.0.1.1413","PSt7-10","180509-029","9/13/2019 10:47:01 AM","0000-00","0","no battery","V"
"08/17/2021","09:58:32","10","default","328281339","OXY_CH10","0.535","min","182.503","μmol/L","Humid","21.824","deg","105942","µV","27.786","°C","1015.000","hPa","35.0","pmil","0","55.560","deg","20.000","°C","100.000","%a.s.","22.340","deg","20.000","°C","962.000","hPa","0.861","-0.02617","0.00035","0","0","13.56","Humid","31.50","0","54.10","281707.53","SABD0002000014","AAV2.0.0.13","3.0.1.1413","PSt7-10","180509-029","9/13/2019 10:47:01 AM","0000-00","0","no battery","V"
"08/17/2021","09:58:33","10","default","328281339","OXY_CH10","0.552","min","182.487","μmol/L","Humid","21.825","deg","105935","µV","27.786","°C","1015.000","hPa","35.0","pmil","0","55.560","deg","20.000","°C","100.000","%a.s.","22.340","deg","20.000","°C","962.000","hPa","0.861","-0.02617","0.00035","0","0","13.56","Humid","31.50","0","54.10","281698.46","SABD0002000014","AAV2.0.0.13","3.0.1.1413","PSt7-10","180509-029","9/13/2019 10:47:01 AM","0000-00","0","no battery","V"
"08/17/2021","09:58:34","10","default","328281339","OXY_CH10","0.569","min","182.522","μmol/L","Humid","21.827","deg","105943","µV","27.774","°C","1015.000","hPa","35.0","pmil","0","55.560","deg","20.000","°C","100.000","%a.s.","22.340","deg","20.000","°C","962.000","hPa","0.861","-0.02617","0.00035","0","0","13.56","Humid","31.50","0","54.10","281703.22","SABD0002000014","AAV2.0.0.13","3.0.1.1413","PSt7-10","180509-029","9/13/2019 10:47:01 AM","0000-00","0","no battery","V"
"08/17/2021","09:58:35","10","default","328281339","OXY_CH10","0.585","min","182.570","μmol/L","Humid","21.824","deg","105930","µV","27.774","°C","1015.000","hPa","35.0","pmil","0","55.560","deg","20.000","°C","100.000","%a.s.","22.340","deg","20.000","°C","962.000","hPa","0.861","-0.02617","0.00035","0","0","13.56","Humid","31.50","0","54.10","281698.80","SABD0002000014","AAV2.0.0.13","3.0.1.1413","PSt7-10","180509-029","9/13/2019 10:47:01 AM","0000-00","0","no battery","V"
"08/17/2021","09:58:36","10","default","328281339","OXY_CH10","0.602","min","182.536","μmol/L","Humid","21.824","deg","105924","µV","27.780","°C","1015.000","hPa","35.0","pmil","0","55.560","deg","20.000","°C","100.000","%a.s.","22.340","deg","20.000","°C","962.000","hPa","0.861","-0.02617","0.00035","0","0","13.56","Humid","31.50","0","54.10","281697.00","SABD0002000014","AAV2.0.0.13","3.0.1.1413","PSt7-10","180509-029","9/13/2019 10:47:01 AM","0000-00","0","no battery","V"
"08/17/2021","09:58:37","10","default","328281339","OXY_CH10","0.619","min","182.582","μmol/L","Humid","21.819","deg","105922","µV","27.786","°C","1015.000","hPa","35.0","pmil","0","55.560","deg","20.000","°C","100.000","%a.s.","22.340","deg","20.000","°C","962.000","hPa","0.861","-0.02617","0.00035","0","0","13.56","Humid","31.50","0","54.10","281701.11","SABD0002000014","AAV2.0.0.13","3.0.1.1413","PSt7-10","180509-029","9/13/2019 10:47:01 AM","0000-00","0","no battery","V"
"08/17/2021","09:58:38","10","default","328281339","OXY_CH10","0.635","min","182.503","μmol/L","Humid","21.824","deg","105912","µV","27.786","°C","1015.000","hPa","35.0","pmil","0","55.560","deg","20.000","°C","100.000","%a.s.","22.340","deg","20.000","°C","962.000","hPa","0.861","-0.02617","0.00035","0","0","13.56","Humid","31.50","0","54.10","281683.05","SABD0002000014","AAV2.0.0.13","3.0.1.1413","PSt7-10","180509-029","9/13/2019 10:47:01 AM","0000-00","0","no battery","V"
"08/17/2021","09:58:39","10","default","328281339","OXY_CH10","0.652","min","182.600","μmol/L","Humid","21.820","deg","105905","µV","27.780","°C","1015.000","hPa","35.0","pmil","0","55.560","deg","20.000","°C","100.000","%a.s.","22.340","deg","20.000","°C","962.000","hPa","0.861","-0.02617","0.00035","0","0","13.56","Humid","31.50","0","54.10","281682.55","SABD0002000014","AAV2.0.0.13","3.0.1.1413","PSt7-10","180509-029","9/13/2019 10:47:01 AM","0000-00","0","no battery","V"
"08/17/2021","09:58:40","10","default","328281339","OXY_CH10","0.669","min","182.600","μmol/L","Humid","21.820","deg","105898","µV","27.780","°C","1015.000","hPa","35.0","pmil","0","55.560","deg","20.000","°C","100.000","%a.s.","22.340","deg","20.000","°C","962.000","hPa","0.861","-0.02617","0.00035","0","0","13.56","Humid","31.50","0","54.10","281680.36","SABD0002000014","AAV2.0.0.13","3.0.1.1413","PSt7-10","180509-029","9/13/2019 10:47:01 AM","0000-00","0","no battery","V"
"08/17/2021","09:58:41","10","default","328281339","OXY_CH10","0.685","min","182.647","μmol/L","Humid","21.817","deg","105890","µV","27.780","°C","1015.000","hPa","35.0","pmil","0","55.560","deg","20.000","°C","100.000","%a.s.","22.340","deg","20.000","°C","962.000","hPa","0.861","-0.02617","0.00035","0","0","13.56","Humid","31.50","0","54.10","281677.30","SABD0002000014","AAV2.0.0.13","3.0.1.1413","PSt7-10","180509-029","9/13/2019 10:47:01 AM","0000-00","0","no battery","V"
"08/17/2021","09:58:42","10","default","328281339","OXY_CH10","0.702","min","182.519","μmol/L","Humid","21.823","deg","105887","µV","27.786","°C","1015.000","hPa","35.0","pmil","0","55.560","deg","20.000","°C","100.000","%a.s.","22.340","deg","20.000","°C","962.000","hPa","0.861","-0.02617","0.00035","0","0","13.56","Humid","31.50","0","54.10","281667.87","SABD0002000014","AAV2.0.0.13","3.0.1.1413","PSt7-10","180509-029","9/13/2019 10:47:01 AM","0000-00","0","no battery","V"
"08/17/2021","09:58:43","10","default","328281339","OXY_CH10","0.718","min","182.520","μmol/L","Humid","21.825","deg","105879","µV","27.780","°C","1015.000","hPa","35.0","pmil","0","55.560","deg","20.000","°C","100.000","%a.s.","22.340","deg","20.000","°C","962.000","hPa","0.861","-0.02617","0.00035","0","0","13.56","Humid","31.50","0","54.10","281667.21","SABD0002000014","AAV2.0.0.13","3.0.1.1413","PSt7-10","180509-029","9/13/2019 10:47:01 AM","0000-00","0","no battery","V"
"08/17/2021","09:58:44","10","default","328281339","OXY_CH10","0.735","min","182.550","μmol/L","Humid","21.821","deg","105873","µV","27.786","°C","1015.000","hPa","35.0","pmil","0","55.560","deg","20.000","°C","100.000","%a.s.","22.340","deg","20.000","°C","962.000","hPa","0.861","-0.02617","0.00035","0","0","13.56","Humid","31.50","0","54.10","281670.44","SABD0002000014","AAV2.0.0.13","3.0.1.1413","PSt7-10","180509-029","9/13/2019 10:47:01 AM","0000-00","0","no battery","V"
"08/17/2021","09:58:45","10","default","328281339","OXY_CH10","0.752","min","182.663","μmol/L","Humid","21.816","deg","105870","µV","27.780","°C","1015.000","hPa","35.0","pmil","0","55.560","deg","20.000","°C","100.000","%a.s.","22.340","deg","20.000","°C","962.000","hPa","0.861","-0.02617","0.00035","0","0","13.56","Humid","31.50","0","54.10","281669.86","SABD0002000014","AAV2.0.0.13","3.0.1.1413","PSt7-10","180509-029","9/13/2019 10:47:01 AM","0000-00","0","no battery","V"
"08/17/2021","09:58:46","10","default","328281339","OXY_CH10","0.769","min","182.566","μmol/L","Humid","21.820","deg","105865","µV","27.786","°C","1015.000","hPa","35.0","pmil","0","55.560","deg","20.000","°C","100.000","%a.s.","22.340","deg","20.000","°C","962.000","hPa","0.861","-0.02617","0.00035","0","0","13.56","Humid","31.50","0","54.10","281664.46","SABD0002000014","AAV2.0.0.13","3.0.1.1413","PSt7-10","180509-029","9/13/2019 10:47:01 AM","0000-00","0","no battery","V"
"08/17/2021","09:58:47","10","default","328281339","OXY_CH10","0.786","min","182.614","μmol/L","Humid","21.817","deg","105860","µV","27.786","°C","1015.000","hPa","35.0","pmil","0","55.560","deg","20.000","°C","100.000","%a.s.","22.340","deg","20.000","°C","962.000","hPa","0.861","-0.02617","0.00035","0","0","13.56","Humid","31.50","0","54.10","281660.49","SABD0002000014","AAV2.0.0.13","3.0.1.1413","PSt7-10","180509-029","9/13/2019 10:47:01 AM","0000-00","0","no battery","V"
"08/17/2021","09:58:48","10","default","328281339","OXY_CH10","0.802","min","182.679","μmol/L","Humid","21.815","deg","105851","µV","27.780","°C","1015.000","hPa","35.0","pmil","0","55.560","deg","20.000","°C","100.000","%a.s.","22.340","deg","20.000","°C","962.000","hPa","0.861","-0.02617","0.00035","0","0","13.56","Humid","31.50","0","54.10","281653.74","SABD0002000014","AAV2.0.0.13","3.0.1.1413","PSt7-10","180509-029","9/13/2019 10:47:01 AM","0000-00","0","no battery","V"
"08/17/2021","09:58:49","10","default","328281339","OXY_CH10","0.819","min","182.566","μmol/L","Humid","21.820","deg","105852","µV","27.786","°C","1015.000","hPa","35.0","pmil","0","55.560","deg","20.000","°C","100.000","%a.s.","22.340","deg","20.000","°C","962.000","hPa","0.861","-0.02617","0.00035","0","0","13.56","Humid","31.50","0","54.10","281654.56","SABD0002000014","AAV2.0.0.13","3.0.1.1413","PSt7-10","180509-029","9/13/2019 10:47:01 AM","0000-00","0","no battery","V"
"08/17/2021","09:58:50","10","default","328281339","OXY_CH10","0.836","min","182.647","μmol/L","Humid","21.817","deg","105853","µV","27.780","°C","1015.000","hPa","35.0","pmil","0","55.560","deg","20.000","°C","100.000","%a.s.","22.340","deg","20.000","°C","962.000","hPa","0.861","-0.02617","0.00035","0","0","13.56","Humid","31.50","0","54.10","281658.65","SABD0002000014","AAV2.0.0.13","3.0.1.1413","PSt7-10","180509-029","9/13/2019 10:47:01 AM","0000-00","0","no battery","V"
"08/17/2021","09:58:51","10","default","328281339","OXY_CH10","0.852","min","182.644","μmol/L","Humid","21.813","deg","105835","µV","27.792","°C","1015.000","hPa","35.0","pmil","0","55.560","deg","20.000","°C","100.000","%a.s.","22.340","deg","20.000","°C","962.000","hPa","0.861","-0.02617","0.00035","0","0","13.56","Humid","31.50","0","54.10","281649.09","SABD0002000014","AAV2.0.0.13","3.0.1.1413","PSt7-10","180509-029","9/13/2019 10:47:01 AM","0000-00","0","no battery","V"
"08/17/2021","09:58:52","10","default","328281339","OXY_CH10","0.869","min","182.647","μmol/L","Humid","21.817","deg","105840","µV","27.780","°C","1015.000","hPa","35.0","pmil","0","55.560","deg","20.000","°C","100.000","%a.s.","22.340","deg","20.000","°C","962.000","hPa","0.861","-0.02617","0.00035","0","0","13.56","Humid","31.50","0","54.10","281649.06","SABD0002000014","AAV2.0.0.13","3.0.1.1413","PSt7-10","180509-029","9/13/2019 10:47:01 AM","0000-00","0","no battery","V"
"08/17/2021","09:58:53","10","default","328281339","OXY_CH10","0.885","min","182.662","μmol/L","Humid","21.814","deg","105829","µV","27.786","°C","1015.000","hPa","35.0","pmil","0","55.560","deg","20.000","°C","100.000","%a.s.","22.340","deg","20.000","°C","962.000","hPa","0.861","-0.02617","0.00035","0","0","13.56","Humid","31.50","0","54.10","281648.62","SABD0002000014","AAV2.0.0.13","3.0.1.1413","PSt7-10","180509-029","9/13/2019 10:47:01 AM","0000-00","0","no battery","V"
"08/17/2021","09:58:54","10","default","328281339","OXY_CH10","0.902","min","182.628","μmol/L","Humid","21.814","deg","105827","µV","27.792","°C","1015.000","hPa","35.0","pmil","0","55.560","deg","20.000","°C","100.000","%a.s.","22.340","deg","20.000","°C","962.000","hPa","0.861","-0.02617","0.00035","0","0","13.56","Humid","31.50","0","54.10","281641.70","SABD0002000014","AAV2.0.0.13","3.0.1.1413","PSt7-10","180509-029","9/13/2019 10:47:01 AM","0000-00","0","no battery","V"
"08/17/2021","09:58:55","10","default","328281339","OXY_CH10","0.919","min","182.725","μmol/L","Humid","21.810","deg","105824","µV","27.786","°C","1015.000","hPa","35.0","pmil","0","55.560","deg","20.000","°C","100.000","%a.s.","22.340","deg","20.000","°C","962.000","hPa","0.861","-0.02617","0.00035","0","0","13.56","Humid","31.50","0","54.10","281641.48","SABD0002000014","AAV2.0.0.13","3.0.1.1413","PSt7-10","180509-029","9/13/2019 10:47:01 AM","0000-00","0","no battery","V"
"08/17/2021","09:58:56","10","default","328281339","OXY_CH10","0.935","min","182.662","μmol/L","Humid","21.814","deg","105812","µV","27.786","°C","1015.000","hPa","35.0","pmil","0","55.560","deg","20.000","°C","100.000","%a.s.","22.340","deg","20.000","°C","962.000","hPa","0.861","-0.02617","0.00035","0","0","13.56","Humid","31.50","0","54.10","281631.86","SABD0002000014","AAV2.0.0.13","3.0.1.1413","PSt7-10","180509-029","9/13/2019 10:47:01 AM","0000-00","0","no battery","V"
"08/17/2021","09:58:57","10","default","328281339","OXY_CH10","0.952","min","182.693","μmol/L","Humid","21.812","deg","105820","µV","27.786","°C","1015.000","hPa","35.0","pmil","0","55.560","deg","20.000","°C","100.000","%a.s.","22.340","deg","20.000","°C","962.000","hPa","0.861","-0.02617","0.00035","0","0","13.56","Humid","31.50","0","54.10","281626.04","SABD0002000014","AAV2.0.0.13","3.0.1.1413","PSt7-10","180509-029","9/13/2019 10:47:01 AM","0000-00","0","no battery","V"
"08/17/2021","09:58:58","10","default","328281339","OXY_CH10","0.969","min","182.612","μmol/L","Humid","21.815","deg","105807","µV","27.792","°C","1015.000","hPa","35.0","pmil","0","55.560","deg","20.000","°C","100.000","%a.s.","22.340","deg","20.000","°C","962.000","hPa","0.861","-0.02617","0.00035","0","0","13.56","Humid","31.50","0","54.10","281613.35","SABD0002000014","AAV2.0.0.13","3.0.1.1413","PSt7-10","180509-029","9/13/2019 10:47:01 AM","0000-00","0","no battery","V"
"08/17/2021","09:58:59","10","default","328281339","OXY_CH10","0.986","min","182.677","μmol/L","Humid","21.813","deg","105819","µV","27.786","°C","1015.000","hPa","35.0","pmil","0","55.560","deg","20.000","°C","100.000","%a.s.","22.340","deg","20.000","°C","962.000","hPa","0.861","-0.02617","0.00035","0","0","13.56","Humid","31.50","0","54.10","281634.94","SABD0002000014","AAV2.0.0.13","3.0.1.1413","PSt7-10","180509-029","9/13/2019 10:47:01 AM","0000-00","0","no battery","V"
"08/17/2021","09:59:00","10","default","328281339","OXY_CH10","1.002","min","182.707","μmol/L","Humid","21.809","deg","105810","µV","27.792","°C","1015.000","hPa","35.0","pmil","0","55.560","deg","20.000","°C","100.000","%a.s.","22.340","deg","20.000","°C","962.000","hPa","0.861","-0.02617","0.00035","0","0","13.56","Humid","31.50","0","54.10","281637.68","SABD0002000014","AAV2.0.0.13","3.0.1.1413","PSt7-10","180509-029","9/13/2019 10:47:01 AM","0000-00","0","no battery","V"
"08/17/2021","09:59:01","10","default","328281339","OXY_CH10","1.019","min","182.660","μmol/L","Humid","21.812","deg","105803","µV","27.792","°C","1015.000","hPa","35.0","pmil","0","55.560","deg","20.000","°C","100.000","%a.s.","22.340","deg","20.000","°C","962.000","hPa","0.861","-0.02617","0.00035","0","0","13.56","Humid","31.50","0","54.10","281628.27","SABD0002000014","AAV2.0.0.13","3.0.1.1413","PSt7-10","180509-029","9/13/2019 10:47:01 AM","0000-00","0","no battery","V"
"08/17/2021","09:59:02","10","default","328281339","OXY_CH10","1.036","min","182.628","μmol/L","Humid","21.814","deg","105804","µV","27.792","°C","1015.000","hPa","35.0","pmil","0","55.560","deg","20.000","°C","100.000","%a.s.","22.340","deg","20.000","°C","962.000","hPa","0.861","-0.02617","0.00035","0","0","13.56","Humid","31.50","0","54.10","281626.79","SABD0002000014","AAV2.0.0.13","3.0.1.1413","PSt7-10","180509-029","9/13/2019 10:47:01 AM","0000-00","0","no battery","V"
"08/17/2021","09:59:03","10","default","328281339","OXY_CH10","1.052","min","182.662","μmol/L","Humid","21.814","deg","105798","µV","27.786","°C","1015.000","hPa","35.0","pmil","0","55.560","deg","20.000","°C","100.000","%a.s.","22.340","deg","20.000","°C","962.000","hPa","0.861","-0.02617","0.00035","0","0","13.56","Humid","31.50","0","54.10","281615.84","SABD0002000014","AAV2.0.0.13","3.0.1.1413","PSt7-10","180509-029","9/13/2019 10:47:01 AM","0000-00","0","no battery","V"
"08/17/2021","09:59:04","10","default","328281339","OXY_CH10","1.069","min","182.626","μmol/L","Humid","21.812","deg","105794","µV","27.799","°C","1015.000","hPa","35.0","pmil","0","55.560","deg","20.000","°C","100.000","%a.s.","22.340","deg","20.000","°C","962.000","hPa","0.861","-0.02617","0.00035","0","0","13.56","Humid","31.50","0","54.10","281610.95","SABD0002000014","AAV2.0.0.13","3.0.1.1413","PSt7-10","180509-029","9/13/2019 10:47:01 AM","0000-00","0","no battery","V"
"08/17/2021","09:59:05","10","default","328281339","OXY_CH10","1.085","min","182.662","μmol/L","Humid","21.814","deg","105791","µV","27.786","°C","1015.000","hPa","35.0","pmil","0","55.560","deg","20.000","°C","100.000","%a.s.","22.340","deg","20.000","°C","962.000","hPa","0.861","-0.02617","0.00035","0","0","13.56","Humid","31.50","0","54.10","281612.66","SABD0002000014","AAV2.0.0.13","3.0.1.1413","PSt7-10","180509-029","9/13/2019 10:47:01 AM","0000-00","0","no battery","V"
"08/17/2021","09:59:06","10","default","328281339","OXY_CH10","1.102","min","182.741","μmol/L","Humid","21.809","deg","105785","µV","27.786","°C","1015.000","hPa","35.0","pmil","0","55.560","deg","20.000","°C","100.000","%a.s.","22.340","deg","20.000","°C","962.000","hPa","0.861","-0.02617","0.00035","0","0","13.56","Humid","31.50","0","54.10","281595.78","SABD0002000014","AAV2.0.0.13","3.0.1.1413","PSt7-10","180509-029","9/13/2019 10:47:01 AM","0000-00","0","no battery","V"
"08/17/2021","09:59:07","10","default","328281339","OXY_CH10","1.118","min","182.662","μmol/L","Humid","21.814","deg","105770","µV","27.786","°C","1015.000","hPa","35.0","pmil","0","55.560","deg","20.000","°C","100.000","%a.s.","22.340","deg","20.000","°C","962.000","hPa","0.861","-0.02617","0.00035","0","0","13.56","Humid","31.50","0","54.10","281609.15","SABD0002000014","AAV2.0.0.13","3.0.1.1413","PSt7-10","180509-029","9/13/2019 10:47:01 AM","0000-00","0","no battery","V"
"08/17/2021","09:59:08","10","default","328281339","OXY_CH10","1.136","min","182.692","μmol/L","Humid","21.810","deg","105776","µV","27.792","°C","1015.000","hPa","35.0","pmil","0","55.560","deg","20.000","°C","100.000","%a.s.","22.340","deg","20.000","°C","962.000","hPa","0.861","-0.02617","0.00035","0","0","13.56","Humid","31.50","0","54.10","281603.91","SABD0002000014","AAV2.0.0.13","3.0.1.1413","PSt7-10","180509-029","9/13/2019 10:47:01 AM","0000-00","0","no battery","V"
"08/17/2021","09:59:09","10","default","328281339","OXY_CH10","1.153","min","182.707","μmol/L","Humid","21.809","deg","105772","µV","27.792","°C","1015.000","hPa","35.0","pmil","0","55.560","deg","20.000","°C","100.000","%a.s.","22.340","deg","20.000","°C","962.000","hPa","0.861","-0.02617","0.00035","0","0","13.56","Humid","31.50","0","54.10","281604.24","SABD0002000014","AAV2.0.0.13","3.0.1.1413","PSt7-10","180509-029","9/13/2019 10:47:01 AM","0000-00","0","no battery","V"
"08/17/2021","09:59:10","10","default","328281339","OXY_CH10","1.169","min","182.773","μmol/L","Humid","21.807","deg","105763","µV","27.786","°C","1015.000","hPa","35.0","pmil","0","55.560","deg","20.000","°C","100.000","%a.s.","22.340","deg","20.000","°C","962.000","hPa","0.861","-0.02617","0.00035","0","0","13.56","Humid","31.50","0","54.10","281604.39","SABD0002000014","AAV2.0.0.13","3.0.1.1413","PSt7-10","180509-029","9/13/2019 10:47:01 AM","0000-00","0","no battery","V"
"08/17/2021","09:59:11","10","default","328281339","OXY_CH10","1.186","min","182.739","μmol/L","Humid","21.807","deg","105772","µV","27.792","°C","1015.000","hPa","35.0","pmil","0","55.560","deg","20.000","°C","100.000","%a.s.","22.340","deg","20.000","°C","962.000","hPa","0.861","-0.02617","0.00035","0","0","13.56","Humid","31.50","0","54.10","281611.92","SABD0002000014","AAV2.0.0.13","3.0.1.1413","PSt7-10","180509-029","9/13/2019 10:47:01 AM","0000-00","0","no battery","V"
"08/17/2021","09:59:12","10","default","328281339","OXY_CH10","1.202","min","182.658","μmol/L","Humid","21.810","deg","105754","µV","27.799","°C","1015.000","hPa","35.0","pmil","0","55.560","deg","20.000","°C","100.000","%a.s.","22.340","deg","20.000","°C","962.000","hPa","0.861","-0.02617","0.00035","0","0","13.56","Humid","31.50","0","54.10","281601.42","SABD0002000014","AAV2.0.0.13","3.0.1.1413","PSt7-10","180509-029","9/13/2019 10:47:01 AM","0000-00","0","no battery","V"
"08/17/2021","09:59:13","10","default","328281339","OXY_CH10","1.219","min","182.725","μmol/L","Humid","21.810","deg","105756","µV","27.786","°C","1015.000","hPa","35.0","pmil","0","55.560","deg","20.000","°C","100.000","%a.s.","22.340","deg","20.000","°C","962.000","hPa","0.861","-0.02617","0.00035","0","0","13.56","Humid","31.50","0","54.10","281596.60","SABD0002000014","AAV2.0.0.13","3.0.1.1413","PSt7-10","180509-029","9/13/2019 10:47:01 AM","0000-00","0","no battery","V"
"08/17/2021","09:59:14","10","default","328281339","OXY_CH10","1.236","min","182.755","μmol/L","Humid","21.806","deg","105748","µV","27.792","°C","1015.000","hPa","35.0","pmil","0","55.560","deg","20.000","°C","100.000","%a.s.","22.340","deg","20.000","°C","962.000","hPa","0.861","-0.02617","0.00035","0","0","13.56","Humid","31.50","0","54.10","281606.58","SABD0002000014","AAV2.0.0.13","3.0.1.1413","PSt7-10","180509-029","9/13/2019 10:47:01 AM","0000-00","0","no battery","V"
"08/17/2021","09:59:15","10","default","328281339","OXY_CH10","1.252","min","182.753","μmol/L","Humid","21.804","deg","105742","µV","27.799","°C","1015.000","hPa","35.0","pmil","0","55.560","deg","20.000","°C","100.000","%a.s.","22.340","deg","20.000","°C","962.000","hPa","0.861","-0.02617","0.00035","0","0","13.56","Humid","31.50","0","54.10","281589.00","SABD0002000014","AAV2.0.0.13","3.0.1.1413","PSt7-10","180509-029","9/13/2019 10:47:01 AM","0000-00","0","no battery","V"
"08/17/2021","09:59:16","10","default","328281339","OXY_CH10","1.269","min","182.769","μmol/L","Humid","21.803","deg","105740","µV","27.799","°C","1015.000","hPa","35.0","pmil","0","55.560","deg","20.000","°C","100.000","%a.s.","22.340","deg","20.000","°C","962.000","hPa","0.861","-0.02617","0.00035","0","0","13.56","Humid","31.50","0","54.10","281583.65","SABD0002000014","AAV2.0.0.13","3.0.1.1413","PSt7-10","180509-029","9/13/2019 10:47:01 AM","0000-00","0","no battery","V"
"08/17/2021","09:59:17","10","default","328281339","OXY_CH10","1.285","min","182.803","μmol/L","Humid","21.803","deg","105736","µV","27.792","°C","1015.000","hPa","35.0","pmil","0","55.560","deg","20.000","°C","100.000","%a.s.","22.340","deg","20.000","°C","962.000","hPa","0.861","-0.02617","0.00035","0","0","13.56","Humid","31.50","0","54.10","281579.88","SABD0002000014","AAV2.0.0.13","3.0.1.1413","PSt7-10","180509-029","9/13/2019 10:47:01 AM","0000-00","0","no battery","V"
"08/17/2021","09:59:18","10","default","328281339","OXY_CH10","1.302","min","182.768","μmol/L","Humid","21.801","deg","105743","µV","27.805","°C","1015.000","hPa","35.0","pmil","0","55.560","deg","20.000","°C","100.000","%a.s.","22.340","deg","20.000","°C","962.000","hPa","0.861","-0.02617","0.00035","0","0","13.56","Humid","31.50","0","54.10","281599.87","SABD0002000014","AAV2.0.0.13","3.0.1.1413","PSt7-10","180509-029","9/13/2019 10:47:01 AM","0000-00","0","no battery","V"
"08/17/2021","09:59:19","10","default","328281339","OXY_CH10","1.319","min","182.785","μmol/L","Humid","21.802","deg","105735","µV","27.799","°C","1015.000","hPa","35.0","pmil","0","55.560","deg","20.000","°C","100.000","%a.s.","22.340","deg","20.000","°C","962.000","hPa","0.861","-0.02617","0.00035","0","0","13.56","Humid","31.50","0","54.10","281587.09","SABD0002000014","AAV2.0.0.13","3.0.1.1413","PSt7-10","180509-029","9/13/2019 10:47:01 AM","0000-00","0","no battery","V"
"08/17/2021","09:59:20","10","default","328281339","OXY_CH10","1.335","min","182.833","μmol/L","Humid","21.799","deg","105729","µV","27.799","°C","1015.000","hPa","35.0","pmil","0","55.560","deg","20.000","°C","100.000","%a.s.","22.340","deg","20.000","°C","962.000","hPa","0.861","-0.02617","0.00035","0","0","13.56","Humid","31.50","0","54.10","281577.36","SABD0002000014","AAV2.0.0.13","3.0.1.1413","PSt7-10","180509-029","9/13/2019 10:47:01 AM","0000-00","0","no battery","V"
"08/17/2021","09:59:21","10","default","328281339","OXY_CH10","1.352","min","182.833","μmol/L","Humid","21.799","deg","105720","µV","27.799","°C","1015.000","hPa","35.0","pmil","0","55.560","deg","20.000","°C","100.000","%a.s.","22.340","deg","20.000","°C","962.000","hPa","0.861","-0.02617","0.00035","0","0","13.56","Humid","31.50","0","54.10","281576.82","SABD0002000014","AAV2.0.0.13","3.0.1.1413","PSt7-10","180509-029","9/13/2019 10:47:01 AM","0000-00","0","no battery","V"
"08/17/2021","09:59:22","10","default","328281339","OXY_CH10","1.368","min","182.833","μmol/L","Humid","21.799","deg","105716","µV","27.799","°C","1015.000","hPa","35.0","pmil","0","55.560","deg","20.000","°C","100.000","%a.s.","22.340","deg","20.000","°C","962.000","hPa","0.861","-0.02617","0.00035","0","0","13.56","Humid","31.50","0","54.10","281575.19","SABD0002000014","AAV2.0.0.13","3.0.1.1413","PSt7-10","180509-029","9/13/2019 10:47:01 AM","0000-00","0","no battery","V"
"08/17/2021","09:59:23","10","default","328281339","OXY_CH10","1.386","min","182.833","μmol/L","Humid","21.799","deg","105714","µV","27.799","°C","1015.000","hPa","35.0","pmil","0","55.560","deg","20.000","°C","100.000","%a.s.","22.340","deg","20.000","°C","962.000","hPa","0.861","-0.02617","0.00035","0","0","13.56","Humid","31.50","0","54.10","281582.59","SABD0002000014","AAV2.0.0.13","3.0.1.1413","PSt7-10","180509-029","9/13/2019 10:47:01 AM","0000-00","0","no battery","V"
"08/17/2021","09:59:24","10","default","328281339","OXY_CH10","1.402","min","182.866","μmol/L","Humid","21.799","deg","105714","µV","27.792","°C","1015.000","hPa","35.0","pmil","0","55.560","deg","20.000","°C","100.000","%a.s.","22.340","deg","20.000","°C","962.000","hPa","0.861","-0.02617","0.00035","0","0","13.56","Humid","31.50","0","54.10","281576.85","SABD0002000014","AAV2.0.0.13","3.0.1.1413","PSt7-10","180509-029","9/13/2019 10:47:01 AM","0000-00","0","no battery","V"
"08/17/2021","09:59:25","10","default","328281339","OXY_CH10","1.419","min","182.734","μmol/L","Humid","21.801","deg","105706","µV","27.811","°C","1015.000","hPa","35.0","pmil","0","55.560","deg","20.000","°C","100.000","%a.s.","22.340","deg","20.000","°C","962.000","hPa","0.861","-0.02617","0.00035","0","0","13.56","Humid","31.50","0","54.10","281583.80","SABD0002000014","AAV2.0.0.13","3.0.1.1413","PSt7-10","180509-029","9/13/2019 10:47:01 AM","0000-00","0","no battery","V"
"08/17/2021","09:59:26","10","default","328281339","OXY_CH10","1.436","min","182.849","μmol/L","Humid","21.798","deg","105706","µV","27.799","°C","1015.000","hPa","35.0","pmil","0","55.560","deg","20.000","°C","100.000","%a.s.","22.340","deg","20.000","°C","962.000","hPa","0.861","-0.02617","0.00035","0","0","13.56","Humid","31.50","0","54.10","281582.69","SABD0002000014","AAV2.0.0.13","3.0.1.1413","PSt7-10","180509-029","9/13/2019 10:47:01 AM","0000-00","0","no battery","V"
"08/17/2021","09:59:27","10","default","328281339","OXY_CH10","1.452","min","182.801","μmol/L","Humid","21.801","deg","105699","µV","27.799","°C","1015.000","hPa","35.0","pmil","0","55.560","deg","20.000","°C","100.000","%a.s.","22.340","deg","20.000","°C","962.000","hPa","0.861","-0.02617","0.00035","0","0","13.56","Humid","31.50","0","54.10","281575.95","SABD0002000014","AAV2.0.0.13","3.0.1.1413","PSt7-10","180509-029","9/13/2019 10:47:01 AM","0000-00","0","no battery","V"
"08/17/2021","09:59:28","10","default","328281339","OXY_CH10","1.469","min","182.851","μmol/L","Humid","21.800","deg","105699","µV","27.792","°C","1015.000","hPa","35.0","pmil","0","55.560","deg","20.000","°C","100.000","%a.s.","22.340","deg","20.000","°C","962.000","hPa","0.861","-0.02617","0.00035","0","0","13.56","Humid","31.50","0","54.10","281561.97","SABD0002000014","AAV2.0.0.13","3.0.1.1413","PSt7-10","180509-029","9/13/2019 10:47:01 AM","0000-00","0","no battery","V"
"08/17/2021","09:59:29","10","default","328281339","OXY_CH10","1.486","min","182.799","μmol/L","Humid","21.799","deg","105691","µV","27.805","°C","1015.000","hPa","35.0","pmil","0","55.560","deg","20.000","°C","100.000","%a.s.","22.340","deg","20.000","°C","962.000","hPa","0.861","-0.02617","0.00035","0","0","13.56","Humid","31.50","0","54.10","281569.86","SABD0002000014","AAV2.0.0.13","3.0.1.1413","PSt7-10","180509-029","9/13/2019 10:47:01 AM","0000-00","0","no battery","V"
"08/17/2021","09:59:30","10","default","328281339","OXY_CH10","1.502","min","182.863","μmol/L","Humid","21.795","deg","105686","µV","27.805","°C","1015.000","hPa","35.0","pmil","0","55.560","deg","20.000","°C","100.000","%a.s.","22.340","deg","20.000","°C","962.000","hPa","0.861","-0.02617","0.00035","0","0","13.56","Humid","31.50","0","54.10","281560.04","SABD0002000014","AAV2.0.0.13","3.0.1.1413","PSt7-10","180509-029","9/13/2019 10:47:01 AM","0000-00","0","no battery","V"
"08/17/2021","09:59:31","10","default","328281339","OXY_CH10","1.519","min","182.879","μmol/L","Humid","21.794","deg","105676","µV","27.805","°C","1015.000","hPa","35.0","pmil","0","55.560","deg","20.000","°C","100.000","%a.s.","22.340","deg","20.000","°C","962.000","hPa","0.861","-0.02617","0.00035","0","0","13.56","Humid","31.50","0","54.10","281555.17","SABD0002000014","AAV2.0.0.13","3.0.1.1413","PSt7-10","180509-029","9/13/2019 10:47:01 AM","0000-00","0","no battery","V"
"08/17/2021","09:59:32","10","default","328281339","OXY_CH10","1.536","min","182.897","μmol/L","Humid","21.795","deg","105672","µV","27.799","°C","1015.000","hPa","35.0","pmil","0","55.560","deg","20.000","°C","100.000","%a.s.","22.340","deg","20.000","°C","962.000","hPa","0.861","-0.02617","0.00035","0","0","13.56","Humid","31.50","0","54.10","281560.32","SABD0002000014","AAV2.0.0.13","3.0.1.1413","PSt7-10","180509-029","9/13/2019 10:47:01 AM","0000-00","0","no battery","V"
"08/17/2021","09:59:33","10","default","328281339","OXY_CH10","1.552","min","182.912","μmol/L","Humid","21.794","deg","105662","µV","27.799","°C","1015.000","hPa","35.0","pmil","0","55.560","deg","20.000","°C","100.000","%a.s.","22.340","deg","20.000","°C","962.000","hPa","0.861","-0.02617","0.00035","0","0","13.56","Humid","31.50","0","54.10","281558.85","SABD0002000014","AAV2.0.0.13","3.0.1.1413","PSt7-10","180509-029","9/13/2019 10:47:01 AM","0000-00","0","no battery","V"
"08/17/2021","09:59:34","10","default","328281339","OXY_CH10","1.569","min","182.944","μmol/L","Humid","21.792","deg","105663","µV","27.799","°C","1015.000","hPa","35.0","pmil","0","55.560","deg","20.000","°C","100.000","%a.s.","22.340","deg","20.000","°C","962.000","hPa","0.861","-0.02617","0.00035","0","0","13.56","Humid","31.50","0","54.10","281557.83","SABD0002000014","AAV2.0.0.13","3.0.1.1413","PSt7-10","180509-029","9/13/2019 10:47:01 AM","0000-00","0","no battery","V"
"08/17/2021","09:59:35","10","default","328281339","OXY_CH10","1.585","min","182.944","μmol/L","Humid","21.792","deg","105653","µV","27.799","°C","1015.000","hPa","35.0","pmil","0","55.560","deg","20.000","°C","100.000","%a.s.","22.340","deg","20.000","°C","962.000","hPa","0.861","-0.02617","0.00035","0","0","13.56","Humid","31.50","0","54.10","281543.83","SABD0002000014","AAV2.0.0.13","3.0.1.1413","PSt7-10","180509-029","9/13/2019 10:47:01 AM","0000-00","0","no battery","V"
"08/17/2021","09:59:36","10","default","328281339","OXY_CH10","1.602","min","182.912","μmol/L","Humid","21.794","deg","105648","µV","27.799","°C","1015.000","hPa","35.0","pmil","0","55.560","deg","20.000","°C","100.000","%a.s.","22.340","deg","20.000","°C","962.000","hPa","0.861","-0.02617","0.00035","0","0","13.56","Humid","31.50","0","54.10","281557.62","SABD0002000014","AAV2.0.0.13","3.0.1.1413","PSt7-10","180509-029","9/13/2019 10:47:01 AM","0000-00","0","no battery","V"
"08/17/2021","09:59:37","10","default","328281339","OXY_CH10","1.619","min","182.928","μmol/L","Humid","21.793","deg","105644","µV","27.799","°C","1015.000","hPa","35.0","pmil","0","55.560","deg","20.000","°C","100.000","%a.s.","22.340","deg","20.000","°C","962.000","hPa","0.861","-0.02617","0.00035","0","0","13.56","Humid","31.50","0","54.10","281546.53","SABD0002000014","AAV2.0.0.13","3.0.1.1413","PSt7-10","180509-029","9/13/2019 10:47:01 AM","0000-00","0","no battery","V"
"08/17/2021","09:59:38","10","default","328281339","OXY_CH10","1.635","min","182.911","μmol/L","Humid","21.792","deg","105636","µV","27.805","°C","1015.000","hPa","35.0","pmil","0","55.560","deg","20.000","°C","100.000","%a.s.","22.340","deg","20.000","°C","962.000","hPa","0.861","-0.02617","0.00035","0","0","13.56","Humid","31.50","0","54.10","281550.80","SABD0002000014","AAV2.0.0.13","3.0.1.1413","PSt7-10","180509-029","9/13/2019 10:47:01 AM","0000-00","0","no battery","V"
"08/17/2021","09:59:39","10","default","328281339","OXY_CH10","1.652","min","182.928","μmol/L","Humid","21.793","deg","105641","µV","27.799","°C","1015.000","hPa","35.0","pmil","0","55.560","deg","20.000","°C","100.000","%a.s.","22.340","deg","20.000","°C","962.000","hPa","0.861","-0.02617","0.00035","0","0","13.56","Humid","31.50","0","54.10","281552.21","SABD0002000014","AAV2.0.0.13","3.0.1.1413","PSt7-10","180509-029","9/13/2019 10:47:01 AM","0000-00","0","no battery","V"
"08/17/2021","09:59:40","10","default","328281339","OXY_CH10","1.669","min","182.960","μmol/L","Humid","21.791","deg","105635","µV","27.799","°C","1015.000","hPa","35.0","pmil","0","55.560","deg","20.000","°C","100.000","%a.s.","22.340","deg","20.000","°C","962.000","hPa","0.861","-0.02617","0.00035","0","0","13.56","Humid","31.50","0","54.10","281550.23","SABD0002000014","AAV2.0.0.13","3.0.1.1413","PSt7-10","180509-029","9/13/2019 10:47:01 AM","0000-00","0","no battery","V"
"08/17/2021","09:59:41","10","default","328281339","OXY_CH10","1.685","min","182.992","μmol/L","Humid","21.789","deg","105626","µV","27.799","°C","1015.000","hPa","35.0","pmil","0","55.560","deg","20.000","°C","100.000","%a.s.","22.340","deg","20.000","°C","962.000","hPa","0.861","-0.02617","0.00035","0","0","13.56","Humid","31.50","0","54.10","281550.04","SABD0002000014","AAV2.0.0.13","3.0.1.1413","PSt7-10","180509-029","9/13/2019 10:47:01 AM","0000-00","0","no battery","V"
"08/17/2021","09:59:42","10","default","328281339","OXY_CH10","1.702","min","182.990","μmol/L","Humid","21.787","deg","105624","µV","27.805","°C","1015.000","hPa","35.0","pmil","0","55.560","deg","20.000","°C","100.000","%a.s.","22.340","deg","20.000","°C","962.000","hPa","0.861","-0.02617","0.00035","0","0","13.56","Humid","31.50","0","54.10","281547.94","SABD0002000014","AAV2.0.0.13","3.0.1.1413","PSt7-10","180509-029","9/13/2019 10:47:01 AM","0000-00","0","no battery","V"
"08/17/2021","09:59:43","10","default","328281339","OXY_CH10","1.719","min","183.008","μmol/L","Humid","21.788","deg","105634","µV","27.799","°C","1015.000","hPa","35.0","pmil","0","55.560","deg","20.000","°C","100.000","%a.s.","22.340","deg","20.000","°C","962.000","hPa","0.861","-0.02617","0.00035","0","0","13.56","Humid","31.50","0","54.10","281546.74","SABD0002000014","AAV2.0.0.13","3.0.1.1413","PSt7-10","180509-029","9/13/2019 10:47:01 AM","0000-00","0","no battery","V"
"08/17/2021","09:59:44","10","default","328281339","OXY_CH10","1.735","min","183.026","μmol/L","Humid","21.789","deg","105625","µV","27.792","°C","1015.000","hPa","35.0","pmil","0","55.560","deg","20.000","°C","100.000","%a.s.","22.340","deg","20.000","°C","962.000","hPa","0.861","-0.02617","0.00035","0","0","13.56","Humid","31.50","0","54.10","281542.55","SABD0002000014","AAV2.0.0.13","3.0.1.1413","PSt7-10","180509-029","9/13/2019 10:47:01 AM","0000-00","0","no battery","V"
"08/17/2021","09:59:45","10","default","328281339","OXY_CH10","1.752","min","183.024","μmol/L","Humid","21.787","deg","105617","µV","27.799","°C","1015.000","hPa","35.0","pmil","0","55.560","deg","20.000","°C","100.000","%a.s.","22.340","deg","20.000","°C","962.000","hPa","0.861","-0.02617","0.00035","0","0","13.56","Humid","31.50","0","54.10","281541.79","SABD0002000014","AAV2.0.0.13","3.0.1.1413","PSt7-10","180509-029","9/13/2019 10:47:01 AM","0000-00","0","no battery","V"
"08/17/2021","09:59:46","10","default","328281339","OXY_CH10","1.769","min","182.990","μmol/L","Humid","21.787","deg","105609","µV","27.805","°C","1015.000","hPa","35.0","pmil","0","55.560","deg","20.000","°C","100.000","%a.s.","22.340","deg","20.000","°C","962.000","hPa","0.861","-0.02617","0.00035","0","0","13.56","Humid","31.50","0","54.10","281551.28","SABD0002000014","AAV2.0.0.13","3.0.1.1413","PSt7-10","180509-029","9/13/2019 10:47:01 AM","0000-00","0","no battery","V"
"08/17/2021","09:59:47","10","default","328281339","OXY_CH10","1.785","min","182.990","μmol/L","Humid","21.787","deg","105622","µV","27.805","°C","1015.000","hPa","35.0","pmil","0","55.560","deg","20.000","°C","100.000","%a.s.","22.340","deg","20.000","°C","962.000","hPa","0.861","-0.02617","0.00035","0","0","13.56","Humid","31.50","0","54.10","281537.46","SABD0002000014","AAV2.0.0.13","3.0.1.1413","PSt7-10","180509-029","9/13/2019 10:47:01 AM","0000-00","0","no battery","V"
"08/17/2021","09:59:48","10","default","328281339","OXY_CH10","1.802","min","183.005","μmol/L","Humid","21.784","deg","105608","µV","27.811","°C","1015.000","hPa","35.0","pmil","0","55.560","deg","20.000","°C","100.000","%a.s.","22.340","deg","20.000","°C","962.000","hPa","0.861","-0.02617","0.00035","0","0","13.56","Humid","31.50","0","54.10","281546.60","SABD0002000014","AAV2.0.0.13","3.0.1.1413","PSt7-10","180509-029","9/13/2019 10:47:01 AM","0000-00","0","no battery","V"
"08/17/2021","09:59:49","10","default","328281339","OXY_CH10","1.819","min","182.957","μmol/L","Humid","21.787","deg","105610","µV","27.811","°C","1015.000","hPa","35.0","pmil","0","55.560","deg","20.000","°C","100.000","%a.s.","22.340","deg","20.000","°C","962.000","hPa","0.861","-0.02617","0.00035","0","0","13.56","Humid","31.50","0","54.10","281537.81","SABD0002000014","AAV2.0.0.13","3.0.1.1413","PSt7-10","180509-029","9/13/2019 10:47:01 AM","0000-00","0","no battery","V"
"08/17/2021","09:59:50","10","default","328281339","OXY_CH10","1.835","min","183.052","μmol/L","Humid","21.781","deg","105595","µV","27.811","°C","1015.000","hPa","35.0","pmil","0","55.560","deg","20.000","°C","100.000","%a.s.","22.340","deg","20.000","°C","962.000","hPa","0.861","-0.02617","0.00035","0","0","13.56","Humid","31.50","0","54.10","281533.86","SABD0002000014","AAV2.0.0.13","3.0.1.1413","PSt7-10","180509-029","9/13/2019 10:47:01 AM","0000-00","0","no battery","V"
"08/17/2021","09:59:51","10","default","328281339","OXY_CH10","1.852","min","183.104","μmol/L","Humid","21.782","deg","105601","µV","27.799","°C","1015.000","hPa","35.0","pmil","0","55.560","deg","20.000","°C","100.000","%a.s.","22.340","deg","20.000","°C","962.000","hPa","0.861","-0.02617","0.00035","0","0","13.56","Humid","31.50","0","54.10","281538.14","SABD0002000014","AAV2.0.0.13","3.0.1.1413","PSt7-10","180509-029","9/13/2019 10:47:01 AM","0000-00","0","no battery","V"
"08/17/2021","09:59:52","10","default","328281339","OXY_CH10","1.868","min","183.005","μmol/L","Humid","21.784","deg","105595","µV","27.811","°C","1015.000","hPa","35.0","pmil","0","55.560","deg","20.000","°C","100.000","%a.s.","22.340","deg","20.000","°C","962.000","hPa","0.861","-0.02617","0.00035","0","0","13.56","Humid","31.50","0","54.10","281529.84","SABD0002000014","AAV2.0.0.13","3.0.1.1413","PSt7-10","180509-029","9/13/2019 10:47:01 AM","0000-00","0","no battery","V"
"08/17/2021","09:59:53","10","default","328281339","OXY_CH10","1.886","min","183.052","μmol/L","Humid","21.781","deg","105593","µV","27.811","°C","1015.000","hPa","35.0","pmil","0","55.560","deg","20.000","°C","100.000","%a.s.","22.340","deg","20.000","°C","962.000","hPa","0.861","-0.02617","0.00035","0","0","13.56","Humid","31.50","0","54.10","281533.54","SABD0002000014","AAV2.0.0.13","3.0.1.1413","PSt7-10","180509-029","9/13/2019 10:47:01 AM","0000-00","0","no battery","V"
"08/17/2021","09:59:54","10","default","328281339","OXY_CH10","1.902","min","183.070","μmol/L","Humid","21.782","deg","105588","µV","27.805","°C","1015.000","hPa","35.0","pmil","0","55.560","deg","20.000","°C","100.000","%a.s.","22.340","deg","20.000","°C","962.000","hPa","0.861","-0.02617","0.00035","0","0","13.56","Humid","31.50","0","54.10","281537.81","SABD0002000014","AAV2.0.0.13","3.0.1.1413","PSt7-10","180509-029","9/13/2019 10:47:01 AM","0000-00","0","no battery","V"
"08/17/2021","09:59:55","10","default","328281339","OXY_CH10","1.919","min","183.084","μmol/L","Humid","21.779","deg","105584","µV","27.811","°C","1015.000","hPa","35.0","pmil","0","55.560","deg","20.000","°C","100.000","%a.s.","22.340","deg","20.000","°C","962.000","hPa","0.861","-0.02617","0.00035","0","0","13.56","Humid","31.50","0","54.10","281533.54","SABD0002000014","AAV2.0.0.13","3.0.1.1413","PSt7-10","180509-029","9/13/2019 10:47:01 AM","0000-00","0","no battery","V"
"08/17/2021","09:59:56","10","default","328281339","OXY_CH10","1.936","min","183.102","μmol/L","Humid","21.780","deg","105582","µV","27.805","°C","1015.000","hPa","35.0","pmil","0","55.560","deg","20.000","°C","100.000","%a.s.","22.340","deg","20.000","°C","962.000","hPa","0.861","-0.02617","0.00035","0","0","13.56","Humid","31.50","0","54.10","281529.24","SABD0002000014","AAV2.0.0.13","3.0.1.1413","PSt7-10","180509-029","9/13/2019 10:47:01 AM","0000-00","0","no battery","V"
"08/17/2021","09:59:57","10","default","328281339","OXY_CH10","1.952","min","183.051","μmol/L","Humid","21.779","deg","105582","µV","27.817","°C","1015.000","hPa","35.0","pmil","0","55.560","deg","20.000","°C","100.000","%a.s.","22.340","deg","20.000","°C","962.000","hPa","0.861","-0.02617","0.00035","0","0","13.56","Humid","31.50","0","54.10","281529.48","SABD0002000014","AAV2.0.0.13","3.0.1.1413","PSt7-10","180509-029","9/13/2019 10:47:01 AM","0000-00","0","no battery","V"
"08/17/2021","09:59:58","10","default","328281339","OXY_CH10","1.969","min","183.052","μmol/L","Humid","21.781","deg","105576","µV","27.811","°C","1015.000","hPa","35.0","pmil","0","55.560","deg","20.000","°C","100.000","%a.s.","22.340","deg","20.000","°C","962.000","hPa","0.861","-0.02617","0.00035","0","0","13.56","Humid","31.50","0","54.10","281528.83","SABD0002000014","AAV2.0.0.13","3.0.1.1413","PSt7-10","180509-029","9/13/2019 10:47:01 AM","0000-00","0","no battery","V"
"08/17/2021","09:59:59","10","default","328281339","OXY_CH10","1.985","min","183.052","μmol/L","Humid","21.781","deg","105578","µV","27.811","°C","1015.000","hPa","35.0","pmil","0","55.560","deg","20.000","°C","100.000","%a.s.","22.340","deg","20.000","°C","962.000","hPa","0.861","-0.02617","0.00035","0","0","13.56","Humid","31.50","0","54.10","281528.80","SABD0002000014","AAV2.0.0.13","3.0.1.1413","PSt7-10","180509-029","9/13/2019 10:47:01 AM","0000-00","0","no battery","V"
"08/17/2021","10:00:00","10","default","328281339","OXY_CH10","2.002","min","183.020","μmol/L","Humid","21.783","deg","105584","µV","27.811","°C","1015.000","hPa","35.0","pmil","0","55.560","deg","20.000","°C","100.000","%a.s.","22.340","deg","20.000","°C","962.000","hPa","0.861","-0.02617","0.00035","0","0","13.56","Humid","31.50","0","54.10","281535.90","SABD0002000014","AAV2.0.0.13","3.0.1.1413","PSt7-10","180509-029","9/13/2019 10:47:01 AM","0000-00","0","no battery","V"
"08/17/2021","10:00:01","10","default","328281339","OXY_CH10","2.019","min","183.068","μmol/L","Humid","21.780","deg","105573","µV","27.811","°C","1015.000","hPa","35.0","pmil","0","55.560","deg","20.000","°C","100.000","%a.s.","22.340","deg","20.000","°C","962.000","hPa","0.861","-0.02617","0.00035","0","0","13.56","Humid","31.50","0","54.10","281529.30","SABD0002000014","AAV2.0.0.13","3.0.1.1413","PSt7-10","180509-029","9/13/2019 10:47:01 AM","0000-00","0","no battery","V"
"08/17/2021","10:00:02","10","default","328281339","OXY_CH10","2.035","min","183.100","μmol/L","Humid","21.778","deg","105577","µV","27.811","°C","1015.000","hPa","35.0","pmil","0","55.560","deg","20.000","°C","100.000","%a.s.","22.340","deg","20.000","°C","962.000","hPa","0.861","-0.02617","0.00035","0","0","13.56","Humid","31.50","0","54.10","281522.53","SABD0002000014","AAV2.0.0.13","3.0.1.1413","PSt7-10","180509-029","9/13/2019 10:47:01 AM","0000-00","0","no battery","V"
"08/17/2021","10:00:03","10","default","328281339","OXY_CH10","2.052","min","183.100","μmol/L","Humid","21.778","deg","105567","µV","27.811","°C","1015.000","hPa","35.0","pmil","0","55.560","deg","20.000","°C","100.000","%a.s.","22.340","deg","20.000","°C","962.000","hPa","0.861","-0.02617","0.00035","0","0","13.56","Humid","31.50","0","54.10","281526.09","SABD0002000014","AAV2.0.0.13","3.0.1.1413","PSt7-10","180509-029","9/13/2019 10:47:01 AM","0000-00","0","no battery","V"
"08/17/2021","10:00:04","10","default","328281339","OXY_CH10","2.069","min","183.082","μmol/L","Humid","21.777","deg","105565","µV","27.817","°C","1015.000","hPa","35.0","pmil","0","55.560","deg","20.000","°C","100.000","%a.s.","22.340","deg","20.000","°C","962.000","hPa","0.861","-0.02617","0.00035","0","0","13.56","Humid","31.50","0","54.10","281513.38","SABD0002000014","AAV2.0.0.13","3.0.1.1413","PSt7-10","180509-029","9/13/2019 10:47:01 AM","0000-00","0","no battery","V"
"08/17/2021","10:00:05","10","default","328281339","OXY_CH10","2.085","min","183.150","μmol/L","Humid","21.777","deg","105553","µV","27.805","°C","1015.000","hPa","35.0","pmil","0","55.560","deg","20.000","°C","100.000","%a.s.","22.340","deg","20.000","°C","962.000","hPa","0.861","-0.02617","0.00035","0","0","13.56","Humid","31.50","0","54.10","281509.65","SABD0002000014","AAV2.0.0.13","3.0.1.1413","PSt7-10","180509-029","9/13/2019 10:47:01 AM","0000-00","0","no battery","V"
"08/17/2021","10:00:06","10","default","328281339","OXY_CH10","2.102","min","183.213","μmol/L","Humid","21.773","deg","105544","µV","27.805","°C","1015.000","hPa","35.0","pmil","0","55.560","deg","20.000","°C","100.000","%a.s.","22.340","deg","20.000","°C","962.000","hPa","0.861","-0.02617","0.00035","0","0","13.56","Humid","31.50","0","54.10","281517.42","SABD0002000014","AAV2.0.0.13","3.0.1.1413","PSt7-10","180509-029","9/13/2019 10:47:01 AM","0000-00","0","no battery","V"
"08/17/2021","10:00:07","10","default","328281339","OXY_CH10","2.119","min","183.098","μmol/L","Humid","21.776","deg","105554","µV","27.817","°C","1015.000","hPa","35.0","pmil","0","55.560","deg","20.000","°C","100.000","%a.s.","22.340","deg","20.000","°C","962.000","hPa","0.861","-0.02617","0.00035","0","0","13.56","Humid","31.50","0","54.10","281523.63","SABD0002000014","AAV2.0.0.13","3.0.1.1413","PSt7-10","180509-029","9/13/2019 10:47:01 AM","0000-00","0","no battery","V"
"08/17/2021","10:00:08","10","default","328281339","OXY_CH10","2.135","min","183.098","μmol/L","Humid","21.776","deg","105544","µV","27.817","°C","1015.000","hPa","35.0","pmil","0","55.560","deg","20.000","°C","100.000","%a.s.","22.340","deg","20.000","°C","962.000","hPa","0.861","-0.02617","0.00035","0","0","13.56","Humid","31.50","0","54.10","281503.88","SABD0002000014","AAV2.0.0.13","3.0.1.1413","PSt7-10","180509-029","9/13/2019 10:47:01 AM","0000-00","0","no battery","V"
"08/17/2021","10:00:09","10","default","328281339","OXY_CH10","2.152","min","183.114","μmol/L","Humid","21.775","deg","105539","µV","27.817","°C","1015.000","hPa","35.0","pmil","0","55.560","deg","20.000","°C","100.000","%a.s.","22.340","deg","20.000","°C","962.000","hPa","0.861","-0.02617","0.00035","0","0","13.56","Humid","31.50","0","54.10","281500.67","SABD0002000014","AAV2.0.0.13","3.0.1.1413","PSt7-10","180509-029","9/13/2019 10:47:01 AM","0000-00","0","no battery","V"
"08/17/2021","10:00:10","10","default","328281339","OXY_CH10","2.169","min","183.164","μmol/L","Humid","21.774","deg","105537","µV","27.811","°C","1015.000","hPa","35.0","pmil","0","55.560","deg","20.000","°C","100.000","%a.s.","22.340","deg","20.000","°C","962.000","hPa","0.861","-0.02617","0.00035","0","0","13.56","Humid","31.50","0","54.10","281499.97","SABD0002000014","AAV2.0.0.13","3.0.1.1413","PSt7-10","180509-029","9/13/2019 10:47:01 AM","0000-00","0","no battery","V"
"08/17/2021","10:00:11","10","default","328281339","OXY_CH10","2.185","min","183.229","μmol/L","Humid","21.772","deg","105534","µV","27.805","°C","1015.000","hPa","35.0","pmil","0","55.560","deg","20.000","°C","100.000","%a.s.","22.340","deg","20.000","°C","962.000","hPa","0.861","-0.02617","0.00035","0","0","13.56","Humid","31.50","0","54.10","281492.97","SABD0002000014","AAV2.0.0.13","3.0.1.1413","PSt7-10","180509-029","9/13/2019 10:47:01 AM","0000-00","0","no battery","V"
"08/17/2021","10:00:12","10","default","328281339","OXY_CH10","2.202","min","183.146","μmol/L","Humid","21.773","deg","105536","µV","27.817","°C","1015.000","hPa","35.0","pmil","0","55.560","deg","20.000","°C","100.000","%a.s.","22.340","deg","20.000","°C","962.000","hPa","0.861","-0.02617","0.00035","0","0","13.56","Humid","31.50","0","54.10","281506.05","SABD0002000014","AAV2.0.0.13","3.0.1.1413","PSt7-10","180509-029","9/13/2019 10:47:01 AM","0000-00","0","no battery","V"
"08/17/2021","10:00:13","10","default","328281339","OXY_CH10","2.219","min","183.129","μmol/L","Humid","21.772","deg","105537","µV","27.823","°C","1015.000","hPa","35.0","pmil","0","55.560","deg","20.000","°C","100.000","%a.s.","22.340","deg","20.000","°C","962.000","hPa","0.861","-0.02617","0.00035","0","0","13.56","Humid","31.50","0","54.10","281513.53","SABD0002000014","AAV2.0.0.13","3.0.1.1413","PSt7-10","180509-029","9/13/2019 10:47:01 AM","0000-00","0","no battery","V"
"08/17/2021","10:00:14","10","default","328281339","OXY_CH10","2.235","min","183.162","μmol/L","Humid","21.772","deg","105524","µV","27.817","°C","1015.000","hPa","35.0","pmil","0","55.560","deg","20.000","°C","100.000","%a.s.","22.340","deg","20.000","°C","962.000","hPa","0.861","-0.02617","0.00035","0","0","13.56","Humid","31.50","0","54.10","281489.09","SABD0002000014","AAV2.0.0.13","3.0.1.1413","PSt7-10","180509-029","9/13/2019 10:47:01 AM","0000-00","0","no battery","V"
"08/17/2021","10:00:15","10","default","328281339","OXY_CH10","2.252","min","183.146","μmol/L","Humid","21.773","deg","105522","µV","27.817","°C","1015.000","hPa","35.0","pmil","0","55.560","deg","20.000","°C","100.000","%a.s.","22.340","deg","20.000","°C","962.000","hPa","0.861","-0.02617","0.00035","0","0","13.56","Humid","31.50","0","54.10","281480.86","SABD0002000014","AAV2.0.0.13","3.0.1.1413","PSt7-10","180509-029","9/13/2019 10:47:01 AM","0000-00","0","no battery","V"
"08/17/2021","10:00:16","10","default","328281339","OXY_CH10","2.269","min","183.162","μmol/L","Humid","21.772","deg","105525","µV","27.817","°C","1015.000","hPa","35.0","pmil","0","55.560","deg","20.000","°C","100.000","%a.s.","22.340","deg","20.000","°C","962.000","hPa","0.861","-0.02617","0.00035","0","0","13.56","Humid","31.50","0","54.10","281490.91","SABD0002000014","AAV2.0.0.13","3.0.1.1413","PSt7-10","180509-029","9/13/2019 10:47:01 AM","0000-00","0","no battery","V"
"08/17/2021","10:00:17","10","default","328281339","OXY_CH10","2.285","min","183.160","μmol/L","Humid","21.770","deg","105520","µV","27.823","°C","1015.000","hPa","35.0","pmil","0","55.560","deg","20.000","°C","100.000","%a.s.","22.340","deg","20.000","°C","962.000","hPa","0.861","-0.02617","0.00035","0","0","13.56","Humid","31.50","0","54.10","281502.75","SABD0002000014","AAV2.0.0.13","3.0.1.1413","PSt7-10","180509-029","9/13/2019 10:47:01 AM","0000-00","0","no battery","V"
"08/17/2021","10:00:18","10","default","328281339","OXY_CH10","2.303","min","183.228","μmol/L","Humid","21.770","deg","105516","µV","27.811","°C","1015.000","hPa","35.0","pmil","0","55.560","deg","20.000","°C","100.000","%a.s.","22.340","deg","20.000","°C","962.000","hPa","0.861","-0.02617","0.00035","0","0","13.56","Humid","31.50","0","54.10","281497.68","SABD0002000014","AAV2.0.0.13","3.0.1.1413","PSt7-10","180509-029","9/13/2019 10:47:01 AM","0000-00","0","no battery","V"
"08/17/2021","10:00:19","10","default","328281339","OXY_CH10","2.319","min","183.194","μmol/L","Humid","21.770","deg","105511","µV","27.817","°C","1015.000","hPa","35.0","pmil","0","55.560","deg","20.000","°C","100.000","%a.s.","22.340","deg","20.000","°C","962.000","hPa","0.861","-0.02617","0.00035","0","0","13.56","Humid","31.50","0","54.10","281505.90","SABD0002000014","AAV2.0.0.13","3.0.1.1413","PSt7-10","180509-029","9/13/2019 10:47:01 AM","0000-00","0","no battery","V"
"08/17/2021","10:00:20","10","default","328281339","OXY_CH10","2.336","min","183.274","μmol/L","Humid","21.765","deg","105510","µV","27.817","°C","1015.000","hPa","35.0","pmil","0","55.560","deg","20.000","°C","100.000","%a.s.","22.340","deg","20.000","°C","962.000","hPa","0.861","-0.02617","0.00035","0","0","13.56","Humid","31.50","0","54.10","281487.04","SABD0002000014","AAV2.0.0.13","3.0.1.1413","PSt7-10","180509-029","9/13/2019 10:47:01 AM","0000-00","0","no battery","V"
"08/17/2021","10:00:21","10","default","328281339","OXY_CH10","2.352","min","183.210","μmol/L","Humid","21.769","deg","105508","µV","27.817","°C","1015.000","hPa","35.0","pmil","0","55.560","deg","20.000","°C","100.000","%a.s.","22.340","deg","20.000","°C","962.000","hPa","0.861","-0.02617","0.00035","0","0","13.56","Humid","31.50","0","54.10","281503.49","SABD0002000014","AAV2.0.0.13","3.0.1.1413","PSt7-10","180509-029","9/13/2019 10:47:01 AM","0000-00","0","no battery","V"
"08/17/2021","10:00:22","10","default","328281339","OXY_CH10","2.368","min","183.208","μmol/L","Humid","21.767","deg","105511","µV","27.823","°C","1015.000","hPa","35.0","pmil","0","55.560","deg","20.000","°C","100.000","%a.s.","22.340","deg","20.000","°C","962.000","hPa","0.861","-0.02617","0.00035","0","0","13.56","Humid","31.50","0","54.10","281489.05","SABD0002000014","AAV2.0.0.13","3.0.1.1413","PSt7-10","180509-029","9/13/2019 10:47:01 AM","0000-00","0","no battery","V"
"08/17/2021","10:00:23","10","default","328281339","OXY_CH10","2.385","min","183.274","μmol/L","Humid","21.765","deg","105508","µV","27.817","°C","1015.000","hPa","35.0","pmil","0","55.560","deg","20.000","°C","100.000","%a.s.","22.340","deg","20.000","°C","962.000","hPa","0.861","-0.02617","0.00035","0","0","13.56","Humid","31.50","0","54.10","281497.36","SABD0002000014","AAV2.0.0.13","3.0.1.1413","PSt7-10","180509-029","9/13/2019 10:47:01 AM","0000-00","0","no battery","V"
"08/17/2021","10:00:24","10","default","328281339","OXY_CH10","2.402","min","183.192","μmol/L","Humid","21.768","deg","105507","µV","27.823","°C","1015.000","hPa","35.0","pmil","0","55.560","deg","20.000","°C","100.000","%a.s.","22.340","deg","20.000","°C","962.000","hPa","0.861","-0.02617","0.00035","0","0","13.56","Humid","31.50","0","54.10","281491.01","SABD0002000014","AAV2.0.0.13","3.0.1.1413","PSt7-10","180509-029","9/13/2019 10:47:01 AM","0000-00","0","no battery","V"
"08/17/2021","10:00:25","10","default","328281339","OXY_CH10","2.419","min","183.258","μmol/L","Humid","21.766","deg","105508","µV","27.817","°C","1015.000","hPa","35.0","pmil","0","55.560","deg","20.000","°C","100.000","%a.s.","22.340","deg","20.000","°C","962.000","hPa","0.861","-0.02617","0.00035","0","0","13.56","Humid","31.50","0","54.10","281505.39","SABD0002000014","AAV2.0.0.13","3.0.1.1413","PSt7-10","180509-029","9/13/2019 10:47:01 AM","0000-00","0","no battery","V"
"08/17/2021","10:00:26","10","default","328281339","OXY_CH10","2.436","min","183.226","μmol/L","Humid","21.768","deg","105500","µV","27.817","°C","1015.000","hPa","35.0","pmil","0","55.560","deg","20.000","°C","100.000","%a.s.","22.340","deg","20.000","°C","962.000","hPa","0.861","-0.02617","0.00035","0","0","13.56","Humid","31.50","0","54.10","281498.43","SABD0002000014","AAV2.0.0.13","3.0.1.1413","PSt7-10","180509-029","9/13/2019 10:47:01 AM","0000-00","0","no battery","V"
"08/17/2021","10:00:27","10","default","328281339","OXY_CH10","2.452","min","183.306","μmol/L","Humid","21.763","deg","105496","µV","27.817","°C","1015.000","hPa","35.0","pmil","0","55.560","deg","20.000","°C","100.000","%a.s.","22.340","deg","20.000","°C","962.000","hPa","0.861","-0.02617","0.00035","0","0","13.56","Humid","31.50","0","54.10","281496.89","SABD0002000014","AAV2.0.0.13","3.0.1.1413","PSt7-10","180509-029","9/13/2019 10:47:01 AM","0000-00","0","no battery","V"
"08/17/2021","10:00:28","10","default","328281339","OXY_CH10","2.469","min","183.306","μmol/L","Humid","21.763","deg","105488","µV","27.817","°C","1015.000","hPa","35.0","pmil","0","55.560","deg","20.000","°C","100.000","%a.s.","22.340","deg","20.000","°C","962.000","hPa","0.861","-0.02617","0.00035","0","0","13.56","Humid","31.50","0","54.10","281481.49","SABD0002000014","AAV2.0.0.13","3.0.1.1413","PSt7-10","180509-029","9/13/2019 10:47:01 AM","0000-00","0","no battery","V"
"08/17/2021","10:00:29","10","default","328281339","OXY_CH10","2.485","min","183.256","μmol/L","Humid","21.764","deg","105481","µV","27.823","°C","1015.000","hPa","35.0","pmil","0","55.560","deg","20.000","°C","100.000","%a.s.","22.340","deg","20.000","°C","962.000","hPa","0.861","-0.02617","0.00035","0","0","13.56","Humid","31.50","0","54.10","281473.47","SABD0002000014","AAV2.0.0.13","3.0.1.1413","PSt7-10","180509-029","9/13/2019 10:47:01 AM","0000-00","0","no battery","V"
"08/17/2021","10:00:30","10","default","328281339","OXY_CH10","2.502","min","183.272","μmol/L","Humid","21.763","deg","105476","µV","27.823","°C","1015.000","hPa","35.0","pmil","0","55.560","deg","20.000","°C","100.000","%a.s.","22.340","deg","20.000","°C","962.000","hPa","0.861","-0.02617","0.00035","0","0","13.56","Humid","31.50","0","54.10","281480.64","SABD0002000014","AAV2.0.0.13","3.0.1.1413","PSt7-10","180509-029","9/13/2019 10:47:01 AM","0000-00","0","no battery","V"
"08/17/2021","10:00:31","10","default","328281339","OXY_CH10","2.519","min","183.288","μmol/L","Humid","21.762","deg","105472","µV","27.823","°C","1015.000","hPa","35.0","pmil","0","55.560","deg","20.000","°C","100.000","%a.s.","22.340","deg","20.000","°C","962.000","hPa","0.861","-0.02617","0.00035","0","0","13.56","Humid","31.50","0","54.10","281479.58","SABD0002000014","AAV2.0.0.13","3.0.1.1413","PSt7-10","180509-029","9/13/2019 10:47:01 AM","0000-00","0","no battery","V"
"08/17/2021","10:00:32","10","default","328281339","OXY_CH10","2.536","min","183.290","μmol/L","Humid","21.764","deg","105475","µV","27.817","°C","1015.000","hPa","35.0","pmil","0","55.560","deg","20.000","°C","100.000","%a.s.","22.340","deg","20.000","°C","962.000","hPa","0.861","-0.02617","0.00035","0","0","13.56","Humid","31.50","0","54.10","281482.33","SABD0002000014","AAV2.0.0.13","3.0.1.1413","PSt7-10","180509-029","9/13/2019 10:47:01 AM","0000-00","0","no battery","V"
"08/17/2021","10:00:33","10","default","328281339","OXY_CH10","2.552","min","183.318","μmol/L","Humid","21.758","deg","105466","µV","27.829","°C","1015.000","hPa","35.0","pmil","0","55.560","deg","20.000","°C","100.000","%a.s.","22.340","deg","20.000","°C","962.000","hPa","0.861","-0.02617","0.00035","0","0","13.56","Humid","31.50","0","54.10","281492.26","SABD0002000014","AAV2.0.0.13","3.0.1.1413","PSt7-10","180509-029","9/13/2019 10:47:01 AM","0000-00","0","no battery","V"
"08/17/2021","10:00:34","10","default","328281339","OXY_CH10","2.569","min","183.336","μmol/L","Humid","21.759","deg","105454","µV","27.823","°C","1015.000","hPa","35.0","pmil","0","55.560","deg","20.000","°C","100.000","%a.s.","22.340","deg","20.000","°C","962.000","hPa","0.861","-0.02617","0.00035","0","0","13.56","Humid","31.50","0","54.10","281470.03","SABD0002000014","AAV2.0.0.13","3.0.1.1413","PSt7-10","180509-029","9/13/2019 10:47:01 AM","0000-00","0","no battery","V"
"08/17/2021","10:00:35","10","default","328281339","OXY_CH10","2.586","min","183.270","μmol/L","Humid","21.761","deg","105460","µV","27.829","°C","1015.000","hPa","35.0","pmil","0","55.560","deg","20.000","°C","100.000","%a.s.","22.340","deg","20.000","°C","962.000","hPa","0.861","-0.02617","0.00035","0","0","13.56","Humid","31.50","0","54.10","281477.45","SABD0002000014","AAV2.0.0.13","3.0.1.1413","PSt7-10","180509-029","9/13/2019 10:47:01 AM","0000-00","0","no battery","V"
"08/17/2021","10:00:36","10","default","328281339","OXY_CH10","2.603","min","183.336","μmol/L","Humid","21.759","deg","105454","µV","27.823","°C","1015.000","hPa","35.0","pmil","0","55.560","deg","20.000","°C","100.000","%a.s.","22.340","deg","20.000","°C","962.000","hPa","0.861","-0.02617","0.00035","0","0","13.56","Humid","31.50","0","54.10","281482.47","SABD0002000014","AAV2.0.0.13","3.0.1.1413","PSt7-10","180509-029","9/13/2019 10:47:01 AM","0000-00","0","no battery","V"
"08/17/2021","10:00:37","10","default","328281339","OXY_CH10","2.619","min","183.384","μmol/L","Humid","21.756","deg","105454","µV","27.823","°C","1015.000","hPa","35.0","pmil","0","55.560","deg","20.000","°C","100.000","%a.s.","22.340","deg","20.000","°C","962.000","hPa","0.861","-0.02617","0.00035","0","0","13.56","Humid","31.50","0","54.10","281477.18","SABD0002000014","AAV2.0.0.13","3.0.1.1413","PSt7-10","180509-029","9/13/2019 10:47:01 AM","0000-00","0","no battery","V"
"08/17/2021","10:00:38","10","default","328281339","OXY_CH10","2.636","min","183.368","μmol/L","Humid","21.757","deg","105450","µV","27.823","°C","1015.000","hPa","35.0","pmil","0","55.560","deg","20.000","°C","100.000","%a.s.","22.340","deg","20.000","°C","962.000","hPa","0.861","-0.02617","0.00035","0","0","13.56","Humid","31.50","0","54.10","281476.91","SABD0002000014","AAV2.0.0.13","3.0.1.1413","PSt7-10","180509-029","9/13/2019 10:47:01 AM","0000-00","0","no battery","V"
"08/17/2021","10:00:39","10","default","328281339","OXY_CH10","2.652","min","183.352","μmol/L","Humid","21.758","deg","105442","µV","27.823","°C","1015.000","hPa","35.0","pmil","0","55.560","deg","20.000","°C","100.000","%a.s.","22.340","deg","20.000","°C","962.000","hPa","0.861","-0.02617","0.00035","0","0","13.56","Humid","31.50","0","54.10","281478.87","SABD0002000014","AAV2.0.0.13","3.0.1.1413","PSt7-10","180509-029","9/13/2019 10:47:01 AM","0000-00","0","no battery","V"
"08/17/2021","10:00:40","10","default","328281339","OXY_CH10","2.669","min","183.352","μmol/L","Humid","21.758","deg","105437","µV","27.823","°C","1015.000","hPa","35.0","pmil","0","55.560","deg","20.000","°C","100.000","%a.s.","22.340","deg","20.000","°C","962.000","hPa","0.861","-0.02617","0.00035","0","0","13.56","Humid","31.50","0","54.10","281477.63","SABD0002000014","AAV2.0.0.13","3.0.1.1413","PSt7-10","180509-029","9/13/2019 10:47:01 AM","0000-00","0","no battery","V"
"08/17/2021","10:00:41","10","default","328281339","OXY_CH10","2.686","min","183.400","μmol/L","Humid","21.755","deg","105437","µV","27.823","°C","1015.000","hPa","35.0","pmil","0","55.560","deg","20.000","°C","100.000","%a.s.","22.340","deg","20.000","°C","962.000","hPa","0.861","-0.02617","0.00035","0","0","13.56","Humid","31.50","0","54.10","281472.25","SABD0002000014","AAV2.0.0.13","3.0.1.1413","PSt7-10","180509-029","9/13/2019 10:47:01 AM","0000-00","0","no battery","V"
"08/17/2021","10:00:42","10","default","328281339","OXY_CH10","2.702","min","183.302","μmol/L","Humid","21.759","deg","105431","µV","27.829","°C","1015.000","hPa","35.0","pmil","0","55.560","deg","20.000","°C","100.000","%a.s.","22.340","deg","20.000","°C","962.000","hPa","0.861","-0.02617","0.00035","0","0","13.56","Humid","31.50","0","54.10","281463.40","SABD0002000014","AAV2.0.0.13","3.0.1.1413","PSt7-10","180509-029","9/13/2019 10:47:01 AM","0000-00","0","no battery","V"
"08/17/2021","10:00:43","10","default","328281339","OXY_CH10","2.719","min","183.368","μmol/L","Humid","21.757","deg","105432","µV","27.823","°C","1015.000","hPa","35.0","pmil","0","55.560","deg","20.000","°C","100.000","%a.s.","22.340","deg","20.000","°C","962.000","hPa","0.861","-0.02617","0.00035","0","0","13.56","Humid","31.50","0","54.10","281471.16","SABD0002000014","AAV2.0.0.13","3.0.1.1413","PSt7-10","180509-029","9/13/2019 10:47:01 AM","0000-00","0","no battery","V"
"08/17/2021","10:00:44","10","default","328281339","OXY_CH10","2.736","min","183.380","μmol/L","Humid","21.752","deg","105427","µV","27.835","°C","1015.000","hPa","35.0","pmil","0","55.560","deg","20.000","°C","100.000","%a.s.","22.340","deg","20.000","°C","962.000","hPa","0.861","-0.02617","0.00035","0","0","13.56","Humid","31.50","0","54.10","281473.34","SABD0002000014","AAV2.0.0.13","3.0.1.1413","PSt7-10","180509-029","9/13/2019 10:47:01 AM","0000-00","0","no battery","V"
"08/17/2021","10:00:45","10","default","328281339","OXY_CH10","2.752","min","183.449","μmol/L","Humid","21.754","deg","105428","µV","27.817","°C","1015.000","hPa","35.0","pmil","0","55.560","deg","20.000","°C","100.000","%a.s.","22.340","deg","20.000","°C","962.000","hPa","0.861","-0.02617","0.00035","0","0","13.56","Humid","31.50","0","54.10","281466.98","SABD0002000014","AAV2.0.0.13","3.0.1.1413","PSt7-10","180509-029","9/13/2019 10:47:01 AM","0000-00","0","no battery","V"
"08/17/2021","10:00:46","10","default","328281339","OXY_CH10","2.769","min","183.398","μmol/L","Humid","21.753","deg","105430","µV","27.829","°C","1015.000","hPa","35.0","pmil","0","55.560","deg","20.000","°C","100.000","%a.s.","22.340","deg","20.000","°C","962.000","hPa","0.861","-0.02617","0.00035","0","0","13.56","Humid","31.50","0","54.10","281463.30","SABD0002000014","AAV2.0.0.13","3.0.1.1413","PSt7-10","180509-029","9/13/2019 10:47:01 AM","0000-00","0","no battery","V"
"08/17/2021","10:00:47","10","default","328281339","OXY_CH10","2.786","min","183.432","μmol/L","Humid","21.753","deg","105424","µV","27.823","°C","1015.000","hPa","35.0","pmil","0","55.560","deg","20.000","°C","100.000","%a.s.","22.340","deg","20.000","°C","962.000","hPa","0.861","-0.02617","0.00035","0","0","13.56","Humid","31.50","0","54.10","281468.31","SABD0002000014","AAV2.0.0.13","3.0.1.1413","PSt7-10","180509-029","9/13/2019 10:47:01 AM","0000-00","0","no battery","V"
"08/17/2021","10:00:48","10","default","328281339","OXY_CH10","2.802","min","183.433","μmol/L","Humid","21.755","deg","105427","µV","27.817","°C","1015.000","hPa","35.0","pmil","0","55.560","deg","20.000","°C","100.000","%a.s.","22.340","deg","20.000","°C","962.000","hPa","0.861","-0.02617","0.00035","0","0","13.56","Humid","31.50","0","54.10","281458.41","SABD0002000014","AAV2.0.0.13","3.0.1.1413","PSt7-10","180509-029","9/13/2019 10:47:01 AM","0000-00","0","no battery","V"
"08/17/2021","10:00:49","10","default","328281339","OXY_CH10","2.819","min","183.366","μmol/L","Humid","21.755","deg","105413","µV","27.829","°C","1015.000","hPa","35.0","pmil","0","55.560","deg","20.000","°C","100.000","%a.s.","22.340","deg","20.000","°C","962.000","hPa","0.861","-0.02617","0.00035","0","0","13.56","Humid","31.50","0","54.10","281471.98","SABD0002000014","AAV2.0.0.13","3.0.1.1413","PSt7-10","180509-029","9/13/2019 10:47:01 AM","0000-00","0","no battery","V"
"08/17/2021","10:00:50","10","default","328281339","OXY_CH10","2.836","min","183.448","μmol/L","Humid","21.752","deg","105407","µV","27.823","°C","1015.000","hPa","35.0","pmil","0","55.560","deg","20.000","°C","100.000","%a.s.","22.340","deg","20.000","°C","962.000","hPa","0.861","-0.02617","0.00035","0","0","13.56","Humid","31.50","0","54.10","281469.25","SABD0002000014","AAV2.0.0.13","3.0.1.1413","PSt7-10","180509-029","9/13/2019 10:47:01 AM","0000-00","0","no battery","V"
"08/17/2021","10:00:51","10","default","328281339","OXY_CH10","2.853","min","183.428","μmol/L","Humid","21.749","deg","105408","µV","27.835","°C","1015.000","hPa","35.0","pmil","0","55.560","deg","20.000","°C","100.000","%a.s.","22.340","deg","20.000","°C","962.000","hPa","0.861","-0.02617","0.00035","0","0","13.56","Humid","31.50","0","54.10","281461.64","SABD0002000014","AAV2.0.0.13","3.0.1.1413","PSt7-10","180509-029","9/13/2019 10:47:01 AM","0000-00","0","no battery","V"
"08/17/2021","10:00:52","10","default","328281339","OXY_CH10","2.869","min","183.444","μmol/L","Humid","21.748","deg","105404","µV","27.835","°C","1015.000","hPa","35.0","pmil","0","55.560","deg","20.000","°C","100.000","%a.s.","22.340","deg","20.000","°C","962.000","hPa","0.861","-0.02617","0.00035","0","0","13.56","Humid","31.50","0","54.10","281445.03","SABD0002000014","AAV2.0.0.13","3.0.1.1413","PSt7-10","180509-029","9/13/2019 10:47:01 AM","0000-00","0","no battery","V"
"08/17/2021","10:00:53","10","default","328281339","OXY_CH10","2.886","min","183.446","μmol/L","Humid","21.750","deg","105396","µV","27.829","°C","1015.000","hPa","35.0","pmil","0","55.560","deg","20.000","°C","100.000","%a.s.","22.340","deg","20.000","°C","962.000","hPa","0.861","-0.02617","0.00035","0","0","13.56","Humid","31.50","0","54.10","281459.29","SABD0002000014","AAV2.0.0.13","3.0.1.1413","PSt7-10","180509-029","9/13/2019 10:47:01 AM","0000-00","0","no battery","V"
"08/17/2021","10:00:54","10","default","328281339","OXY_CH10","2.902","min","183.462","μmol/L","Humid","21.749","deg","105388","µV","27.829","°C","1015.000","hPa","35.0","pmil","0","55.560","deg","20.000","°C","100.000","%a.s.","22.340","deg","20.000","°C","962.000","hPa","0.861","-0.02617","0.00035","0","0","13.56","Humid","31.50","0","54.10","281440.64","SABD0002000014","AAV2.0.0.13","3.0.1.1413","PSt7-10","180509-029","9/13/2019 10:47:01 AM","0000-00","0","no battery","V"
"08/17/2021","10:00:55","10","default","328281339","OXY_CH10","2.919","min","183.512","μmol/L","Humid","21.748","deg","105390","µV","27.823","°C","1015.000","hPa","35.0","pmil","0","55.560","deg","20.000","°C","100.000","%a.s.","22.340","deg","20.000","°C","962.000","hPa","0.861","-0.02617","0.00035","0","0","13.56","Humid","31.50","0","54.10","281452.05","SABD0002000014","AAV2.0.0.13","3.0.1.1413","PSt7-10","180509-029","9/13/2019 10:47:01 AM","0000-00","0","no battery","V"
"08/17/2021","10:00:56","10","default","328281339","OXY_CH10","2.935","min","183.512","μmol/L","Humid","21.748","deg","105393","µV","27.823","°C","1015.000","hPa","35.0","pmil","0","55.560","deg","20.000","°C","100.000","%a.s.","22.340","deg","20.000","°C","962.000","hPa","0.861","-0.02617","0.00035","0","0","13.56","Humid","31.50","0","54.10","281441.32","SABD0002000014","AAV2.0.0.13","3.0.1.1413","PSt7-10","180509-029","9/13/2019 10:47:01 AM","0000-00","0","no battery","V"
"08/17/2021","10:00:57","10","default","328281339","OXY_CH10","2.952","min","183.494","μmol/L","Humid","21.747","deg","105392","µV","27.829","°C","1015.000","hPa","35.0","pmil","0","55.560","deg","20.000","°C","100.000","%a.s.","22.340","deg","20.000","°C","962.000","hPa","0.861","-0.02617","0.00035","0","0","13.56","Humid","31.50","0","54.10","281447.62","SABD0002000014","AAV2.0.0.13","3.0.1.1413","PSt7-10","180509-029","9/13/2019 10:47:01 AM","0000-00","0","no battery","V"
"08/17/2021","10:00:58","10","default","328281339","OXY_CH10","2.969","min","183.510","μmol/L","Humid","21.746","deg","105384","µV","27.829","°C","1015.000","hPa","35.0","pmil","0","55.560","deg","20.000","°C","100.000","%a.s.","22.340","deg","20.000","°C","962.000","hPa","0.861","-0.02617","0.00035","0","0","13.56","Humid","31.50","0","54.10","281451.32","SABD0002000014","AAV2.0.0.13","3.0.1.1413","PSt7-10","180509-029","9/13/2019 10:47:01 AM","0000-00","0","no battery","V"
"08/17/2021","10:00:59","10","default","328281339","OXY_CH10","2.985","min","183.492","μmol/L","Humid","21.745","deg","105369","µV","27.835","°C","1015.000","hPa","35.0","pmil","0","55.560","deg","20.000","°C","100.000","%a.s.","22.340","deg","20.000","°C","962.000","hPa","0.861","-0.02617","0.00035","0","0","13.56","Humid","31.50","0","54.10","281448.43","SABD0002000014","AAV2.0.0.13","3.0.1.1413","PSt7-10","180509-029","9/13/2019 10:47:01 AM","0000-00","0","no battery","V"
"08/17/2021","10:01:00","10","default","328281339","OXY_CH10","3.002","min","183.475","μmol/L","Humid","21.744","deg","105371","µV","27.841","°C","1015.000","hPa","35.0","pmil","0","55.560","deg","20.000","°C","100.000","%a.s.","22.340","deg","20.000","°C","962.000","hPa","0.861","-0.02617","0.00035","0","0","13.56","Humid","31.50","0","54.10","281441.75","SABD0002000014","AAV2.0.0.13","3.0.1.1413","PSt7-10","180509-029","9/13/2019 10:47:01 AM","0000-00","0","no battery","V"
"08/17/2021","10:01:01","10","default","328281339","OXY_CH10","3.019","min","183.558","μmol/L","Humid","21.743","deg","105369","µV","27.829","°C","1015.000","hPa","35.0","pmil","0","55.560","deg","20.000","°C","100.000","%a.s.","22.340","deg","20.000","°C","962.000","hPa","0.861","-0.02617","0.00035","0","0","13.56","Humid","31.50","0","54.10","281443.90","SABD0002000014","AAV2.0.0.13","3.0.1.1413","PSt7-10","180509-029","9/13/2019 10:47:01 AM","0000-00","0","no battery","V"
"08/17/2021","10:01:02","10","default","328281339","OXY_CH10","3.035","min","183.574","μmol/L","Humid","21.742","deg","105369","µV","27.829","°C","1015.000","hPa","35.0","pmil","0","55.560","deg","20.000","°C","100.000","%a.s.","22.340","deg","20.000","°C","962.000","hPa","0.861","-0.02617","0.00035","0","0","13.56","Humid","31.50","0","54.10","281456.28","SABD0002000014","AAV2.0.0.13","3.0.1.1413","PSt7-10","180509-029","9/13/2019 10:47:01 AM","0000-00","0","no battery","V"
"08/17/2021","10:01:03","10","default","328281339","OXY_CH10","3.052","min","183.540","μmol/L","Humid","21.742","deg","105372","µV","27.835","°C","1015.000","hPa","35.0","pmil","0","55.560","deg","20.000","°C","100.000","%a.s.","22.340","deg","20.000","°C","962.000","hPa","0.861","-0.02617","0.00035","0","0","13.56","Humid","31.50","0","54.10","281443.17","SABD0002000014","AAV2.0.0.13","3.0.1.1413","PSt7-10","180509-029","9/13/2019 10:47:01 AM","0000-00","0","no battery","V"
"08/17/2021","10:01:04","10","default","328281339","OXY_CH10","3.068","min","183.558","μmol/L","Humid","21.743","deg","105361","µV","27.829","°C","1015.000","hPa","35.0","pmil","0","55.560","deg","20.000","°C","100.000","%a.s.","22.340","deg","20.000","°C","962.000","hPa","0.861","-0.02617","0.00035","0","0","13.56","Humid","31.50","0","54.10","281437.47","SABD0002000014","AAV2.0.0.13","3.0.1.1413","PSt7-10","180509-029","9/13/2019 10:47:01 AM","0000-00","0","no battery","V"
"08/17/2021","10:01:05","10","default","328281339","OXY_CH10","3.085","min","183.526","μmol/L","Humid","21.745","deg","105361","µV","27.829","°C","1015.000","hPa","35.0","pmil","0","55.560","deg","20.000","°C","100.000","%a.s.","22.340","deg","20.000","°C","962.000","hPa","0.861","-0.02617","0.00035","0","0","13.56","Humid","31.50","0","54.10","281439.18","SABD0002000014","AAV2.0.0.13","3.0.1.1413","PSt7-10","180509-029","9/13/2019 10:47:01 AM","0000-00","0","no battery","V"
"08/17/2021","10:01:06","10","default","328281339","OXY_CH10","3.102","min","183.572","μmol/L","Humid","21.740","deg","105364","µV","27.835","°C","1015.000","hPa","35.0","pmil","0","55.560","deg","20.000","°C","100.000","%a.s.","22.340","deg","20.000","°C","962.000","hPa","0.861","-0.02617","0.00035","0","0","13.56","Humid","31.50","0","54.10","281444.09","SABD0002000014","AAV2.0.0.13","3.0.1.1413","PSt7-10","180509-029","9/13/2019 10:47:01 AM","0000-00","0","no battery","V"
"08/17/2021","10:01:07","10","default","328281339","OXY_CH10","3.118","min","183.655","μmol/L","Humid","21.739","deg","105352","µV","27.823","°C","1015.000","hPa","35.0","pmil","0","55.560","deg","20.000","°C","100.000","%a.s.","22.340","deg","20.000","°C","962.000","hPa","0.861","-0.02617","0.00035","0","0","13.56","Humid","31.50","0","54.10","281434.04","SABD0002000014","AAV2.0.0.13","3.0.1.1413","PSt7-10","180509-029","9/13/2019 10:47:01 AM","0000-00","0","no battery","V"
"08/17/2021","10:01:08","10","default","328281339","OXY_CH10","3.135","min","183.590","μmol/L","Humid","21.741","deg","105344","µV","27.829","°C","1015.000","hPa","35.0","pmil","0","55.560","deg","20.000","°C","100.000","%a.s.","22.340","deg","20.000","°C","962.000","hPa","0.861","-0.02617","0.00035","0","0","13.56","Humid","31.50","0","54.10","281429.25","SABD0002000014","AAV2.0.0.13","3.0.1.1413","PSt7-10","180509-029","9/13/2019 10:47:01 AM","0000-00","0","no battery","V"
"08/17/2021","10:01:09","10","default","328281339","OXY_CH10","3.152","min","183.604","μmol/L","Humid","21.738","deg","105337","µV","27.835","°C","1015.000","hPa","35.0","pmil","0","55.560","deg","20.000","°C","100.000","%a.s.","22.340","deg","20.000","°C","962.000","hPa","0.861","-0.02617","0.00035","0","0","13.56","Humid","31.50","0","54.10","281431.47","SABD0002000014","AAV2.0.0.13","3.0.1.1413","PSt7-10","180509-029","9/13/2019 10:47:01 AM","0000-00","0","no battery","V"
"08/17/2021","10:01:10","10","default","328281339","OXY_CH10","3.169","min","183.555","μmol/L","Humid","21.739","deg","105343","µV","27.841","°C","1015.000","hPa","35.0","pmil","0","55.560","deg","20.000","°C","100.000","%a.s.","22.340","deg","20.000","°C","962.000","hPa","0.861","-0.02617","0.00035","0","0","13.56","Humid","31.50","0","54.10","281429.17","SABD0002000014","AAV2.0.0.13","3.0.1.1413","PSt7-10","180509-029","9/13/2019 10:47:01 AM","0000-00","0","no battery","V"
"08/17/2021","10:01:11","10","default","328281339","OXY_CH10","3.186","min","183.555","μmol/L","Humid","21.739","deg","105333","µV","27.841","°C","1015.000","hPa","35.0","pmil","0","55.560","deg","20.000","°C","100.000","%a.s.","22.340","deg","20.000","°C","962.000","hPa","0.861","-0.02617","0.00035","0","0","13.56","Humid","31.50","0","54.10","281428.36","SABD0002000014","AAV2.0.0.13","3.0.1.1413","PSt7-10","180509-029","9/13/2019 10:47:01 AM","0000-00","0","no battery","V"
"08/17/2021","10:01:12","10","default","328281339","OXY_CH10","3.202","min","183.638","μmol/L","Humid","21.738","deg","105329","µV","27.829","°C","1015.000","hPa","35.0","pmil","0","55.560","deg","20.000","°C","100.000","%a.s.","22.340","deg","20.000","°C","962.000","hPa","0.861","-0.02617","0.00035","0","0","13.56","Humid","31.50","0","54.10","281426.15","SABD0002000014","AAV2.0.0.13","3.0.1.1413","PSt7-10","180509-029","9/13/2019 10:47:01 AM","0000-00","0","no battery","V"
"08/17/2021","10:01:13","10","default","328281339","OXY_CH10","3.219","min","183.602","μmol/L","Humid","21.736","deg","105323","µV","27.841","°C","1015.000","hPa","35.0","pmil","0","55.560","deg","20.000","°C","100.000","%a.s.","22.340","deg","20.000","°C","962.000","hPa","0.861","-0.02617","0.00035","0","0","13.56","Humid","31.50","0","54.10","281428.57","SABD0002000014","AAV2.0.0.13","3.0.1.1413","PSt7-10","180509-029","9/13/2019 10:47:01 AM","0000-00","0","no battery","V"
"08/17/2021","10:01:14","10","default","328281339","OXY_CH10","3.235","min","183.620","μmol/L","Humid","21.737","deg","105325","µV","27.835","°C","1015.000","hPa","35.0","pmil","0","55.560","deg","20.000","°C","100.000","%a.s.","22.340","deg","20.000","°C","962.000","hPa","0.861","-0.02617","0.00035","0","0","13.56","Humid","31.50","0","54.10","281413.47","SABD0002000014","AAV2.0.0.13","3.0.1.1413","PSt7-10","180509-029","9/13/2019 10:47:01 AM","0000-00","0","no battery","V"
"08/17/2021","10:01:15","10","default","328281339","OXY_CH10","3.252","min","183.654","μmol/L","Humid","21.737","deg","105325","µV","27.829","°C","1015.000","hPa","35.0","pmil","0","55.560","deg","20.000","°C","100.000","%a.s.","22.340","deg","20.000","°C","962.000","hPa","0.861","-0.02617","0.00035","0","0","13.56","Humid","31.50","0","54.10","281426.05","SABD0002000014","AAV2.0.0.13","3.0.1.1413","PSt7-10","180509-029","9/13/2019 10:47:01 AM","0000-00","0","no battery","V"
"08/17/2021","10:01:16","10","default","328281339","OXY_CH10","3.269","min","183.650","μmol/L","Humid","21.733","deg","105326","µV","27.841","°C","1015.000","hPa","35.0","pmil","0","55.560","deg","20.000","°C","100.000","%a.s.","22.340","deg","20.000","°C","962.000","hPa","0.861","-0.02617","0.00035","0","0","13.56","Humid","31.50","0","54.10","281434.55","SABD0002000014","AAV2.0.0.13","3.0.1.1413","PSt7-10","180509-029","9/13/2019 10:47:01 AM","0000-00","0","no battery","V"
"08/17/2021","10:01:17","10","default","328281339","OXY_CH10","3.285","min","183.636","μmol/L","Humid","21.736","deg","105325","µV","27.835","°C","1015.000","hPa","35.0","pmil","0","55.560","deg","20.000","°C","100.000","%a.s.","22.340","deg","20.000","°C","962.000","hPa","0.861","-0.02617","0.00035","0","0","13.56","Humid","31.50","0","54.10","281424.16","SABD0002000014","AAV2.0.0.13","3.0.1.1413","PSt7-10","180509-029","9/13/2019 10:47:01 AM","0000-00","0","no battery","V"
"08/17/2021","10:01:18","10","default","328281339","OXY_CH10","3.302","min","183.668","μmol/L","Humid","21.734","deg","105319","µV","27.835","°C","1015.000","hPa","35.0","pmil","0","55.560","deg","20.000","°C","100.000","%a.s.","22.340","deg","20.000","°C","962.000","hPa","0.861","-0.02617","0.00035","0","0","13.56","Humid","31.50","0","54.10","281420.87","SABD0002000014","AAV2.0.0.13","3.0.1.1413","PSt7-10","180509-029","9/13/2019 10:47:01 AM","0000-00","0","no battery","V"
"08/17/2021","10:01:19","10","default","328281339","OXY_CH10","3.319","min","183.684","μmol/L","Humid","21.733","deg","105316","µV","27.835","°C","1015.000","hPa","35.0","pmil","0","55.560","deg","20.000","°C","100.000","%a.s.","22.340","deg","20.000","°C","962.000","hPa","0.861","-0.02617","0.00035","0","0","13.56","Humid","31.50","0","54.10","281427.40","SABD0002000014","AAV2.0.0.13","3.0.1.1413","PSt7-10","180509-029","9/13/2019 10:47:01 AM","0000-00","0","no battery","V"
"08/17/2021","10:01:20","10","default","328281339","OXY_CH10","3.335","min","183.634","μmol/L","Humid","21.734","deg","105307","µV","27.841","°C","1015.000","hPa","35.0","pmil","0","55.560","deg","20.000","°C","100.000","%a.s.","22.340","deg","20.000","°C","962.000","hPa","0.861","-0.02617","0.00035","0","0","13.56","Humid","31.50","0","54.10","281422.64","SABD0002000014","AAV2.0.0.13","3.0.1.1413","PSt7-10","180509-029","9/13/2019 10:47:01 AM","0000-00","0","no battery","V"
"08/17/2021","10:01:21","10","default","328281339","OXY_CH10","3.352","min","183.702","μmol/L","Humid","21.734","deg","105311","µV","27.829","°C","1015.000","hPa","35.0","pmil","0","55.560","deg","20.000","°C","100.000","%a.s.","22.340","deg","20.000","°C","962.000","hPa","0.861","-0.02617","0.00035","0","0","13.56","Humid","31.50","0","54.10","281428.45","SABD0002000014","AAV2.0.0.13","3.0.1.1413","PSt7-10","180509-029","9/13/2019 10:47:01 AM","0000-00","0","no battery","V"
"08/17/2021","10:01:22","10","default","328281339","OXY_CH10","3.369","min","183.636","μmol/L","Humid","21.736","deg","105302","µV","27.835","°C","1015.000","hPa","35.0","pmil","0","55.560","deg","20.000","°C","100.000","%a.s.","22.340","deg","20.000","°C","962.000","hPa","0.861","-0.02617","0.00035","0","0","13.56","Humid","31.50","0","54.10","281426.32","SABD0002000014","AAV2.0.0.13","3.0.1.1413","PSt7-10","180509-029","9/13/2019 10:47:01 AM","0000-00","0","no battery","V"
"08/17/2021","10:01:23","10","default","328281339","OXY_CH10","3.385","min","183.732","μmol/L","Humid","21.730","deg","105300","µV","27.835","°C","1015.000","hPa","35.0","pmil","0","55.560","deg","20.000","°C","100.000","%a.s.","22.340","deg","20.000","°C","962.000","hPa","0.861","-0.02617","0.00035","0","0","13.56","Humid","31.50","0","54.10","281418.57","SABD0002000014","AAV2.0.0.13","3.0.1.1413","PSt7-10","180509-029","9/13/2019 10:47:01 AM","0000-00","0","no battery","V"
"08/17/2021","10:01:24","10","default","328281339","OXY_CH10","3.402","min","183.714","μmol/L","Humid","21.729","deg","105290","µV","27.841","°C","1015.000","hPa","35.0","pmil","0","55.560","deg","20.000","°C","100.000","%a.s.","22.340","deg","20.000","°C","962.000","hPa","0.861","-0.02617","0.00035","0","0","13.56","Humid","31.50","0","54.10","281422.38","SABD0002000014","AAV2.0.0.13","3.0.1.1413","PSt7-10","180509-029","9/13/2019 10:47:01 AM","0000-00","0","no battery","V"
"08/17/2021","10:01:25","10","default","328281339","OXY_CH10","3.419","min","183.698","μmol/L","Humid","21.730","deg","105282","µV","27.841","°C","1015.000","hPa","35.0","pmil","0","55.560","deg","20.000","°C","100.000","%a.s.","22.340","deg","20.000","°C","962.000","hPa","0.861","-0.02617","0.00035","0","0","13.56","Humid","31.50","0","54.10","281419.21","SABD0002000014","AAV2.0.0.13","3.0.1.1413","PSt7-10","180509-029","9/13/2019 10:47:01 AM","0000-00","0","no battery","V"
"08/17/2021","10:01:26","10","default","328281339","OXY_CH10","3.436","min","183.714","μmol/L","Humid","21.729","deg","105280","µV","27.841","°C","1015.000","hPa","35.0","pmil","0","55.560","deg","20.000","°C","100.000","%a.s.","22.340","deg","20.000","°C","962.000","hPa","0.861","-0.02617","0.00035","0","0","13.56","Humid","31.50","0","54.10","281416.65","SABD0002000014","AAV2.0.0.13","3.0.1.1413","PSt7-10","180509-029","9/13/2019 10:47:01 AM","0000-00","0","no battery","V"
"08/17/2021","10:01:27","10","default","328281339","OXY_CH10","3.453","min","183.714","μmol/L","Humid","21.729","deg","105284","µV","27.841","°C","1015.000","hPa","35.0","pmil","0","55.560","deg","20.000","°C","100.000","%a.s.","22.340","deg","20.000","°C","962.000","hPa","0.861","-0.02617","0.00035","0","0","13.56","Humid","31.50","0","54.10","281412.11","SABD0002000014","AAV2.0.0.13","3.0.1.1413","PSt7-10","180509-029","9/13/2019 10:47:01 AM","0000-00","0","no battery","V"
"08/17/2021","10:01:28","10","default","328281339","OXY_CH10","3.469","min","183.812","μmol/L","Humid","21.725","deg","105273","µV","27.835","°C","1015.000","hPa","35.0","pmil","0","55.560","deg","20.000","°C","100.000","%a.s.","22.340","deg","20.000","°C","962.000","hPa","0.861","-0.02617","0.00035","0","0","13.56","Humid","31.50","0","54.10","281405.63","SABD0002000014","AAV2.0.0.13","3.0.1.1413","PSt7-10","180509-029","9/13/2019 10:47:01 AM","0000-00","0","no battery","V"
"08/17/2021","10:01:29","10","default","328281339","OXY_CH10","3.486","min","183.812","μmol/L","Humid","21.725","deg","105277","µV","27.835","°C","1015.000","hPa","35.0","pmil","0","55.560","deg","20.000","°C","100.000","%a.s.","22.340","deg","20.000","°C","962.000","hPa","0.861","-0.02617","0.00035","0","0","13.56","Humid","31.50","0","54.10","281422.95","SABD0002000014","AAV2.0.0.13","3.0.1.1413","PSt7-10","180509-029","9/13/2019 10:47:01 AM","0000-00","0","no battery","V"
"08/17/2021","10:01:30","10","default","328281339","OXY_CH10","3.502","min","183.779","μmol/L","Humid","21.725","deg","105256","µV","27.841","°C","1015.000","hPa","35.0","pmil","0","55.560","deg","20.000","°C","100.000","%a.s.","22.340","deg","20.000","°C","962.000","hPa","0.861","-0.02617","0.00035","0","0","13.56","Humid","31.50","0","54.10","281409.74","SABD0002000014","AAV2.0.0.13","3.0.1.1413","PSt7-10","180509-029","9/13/2019 10:47:01 AM","0000-00","0","no battery","V"
"08/17/2021","10:01:31","10","default","328281339","OXY_CH10","3.519","min","183.795","μmol/L","Humid","21.724","deg","105272","µV","27.841","°C","1015.000","hPa","35.0","pmil","0","55.560","deg","20.000","°C","100.000","%a.s.","22.340","deg","20.000","°C","962.000","hPa","0.861","-0.02617","0.00035","0","0","13.56","Humid","31.50","0","54.10","281425.95","SABD0002000014","AAV2.0.0.13","3.0.1.1413","PSt7-10","180509-029","9/13/2019 10:47:01 AM","0000-00","0","no battery","V"
"08/17/2021","10:01:32","10","default","328281339","OXY_CH10","3.536","min","183.795","μmol/L","Humid","21.724","deg","105247","µV","27.841","°C","1015.000","hPa","35.0","pmil","0","55.560","deg","20.000","°C","100.000","%a.s.","22.340","deg","20.000","°C","962.000","hPa","0.861","-0.02617","0.00035","0","0","13.56","Humid","31.50","0","54.10","281411.64","SABD0002000014","AAV2.0.0.13","3.0.1.1413","PSt7-10","180509-029","9/13/2019 10:47:01 AM","0000-00","0","no battery","V"
"08/17/2021","10:01:33","10","default","328281339","OXY_CH10","3.552","min","183.746","μmol/L","Humid","21.727","deg","105244","µV","27.841","°C","1015.000","hPa","35.0","pmil","0","55.560","deg","20.000","°C","100.000","%a.s.","22.340","deg","20.000","°C","962.000","hPa","0.861","-0.02617","0.00035","0","0","13.56","Humid","31.50","0","54.10","281407.53","SABD0002000014","AAV2.0.0.13","3.0.1.1413","PSt7-10","180509-029","9/13/2019 10:47:01 AM","0000-00","0","no battery","V"
"08/17/2021","10:01:34","10","default","328281339","OXY_CH10","3.569","min","183.795","μmol/L","Humid","21.724","deg","105237","µV","27.841","°C","1015.000","hPa","35.0","pmil","0","55.560","deg","20.000","°C","100.000","%a.s.","22.340","deg","20.000","°C","962.000","hPa","0.861","-0.02617","0.00035","0","0","13.56","Humid","31.50","0","54.10","281418.55","SABD0002000014","AAV2.0.0.13","3.0.1.1413","PSt7-10","180509-029","9/13/2019 10:47:01 AM","0000-00","0","no battery","V"
"08/17/2021","10:01:35","10","default","328281339","OXY_CH10","3.586","min","183.793","μmol/L","Humid","21.722","deg","105238","µV","27.848","°C","1015.000","hPa","35.0","pmil","0","55.560","deg","20.000","°C","100.000","%a.s.","22.340","deg","20.000","°C","962.000","hPa","0.861","-0.02617","0.00035","0","0","13.56","Humid","31.50","0","54.10","281405.91","SABD0002000014","AAV2.0.0.13","3.0.1.1413","PSt7-10","180509-029","9/13/2019 10:47:01 AM","0000-00","0","no battery","V"
"08/17/2021","10:01:36","10","default","328281339","OXY_CH10","3.602","min","183.844","μmol/L","Humid","21.723","deg","105220","µV","27.835","°C","1015.000","hPa","35.0","pmil","0","55.560","deg","20.000","°C","100.000","%a.s.","22.340","deg","20.000","°C","962.000","hPa","0.861","-0.02617","0.00035","0","0","13.56","Humid","31.50","0","54.10","281400.35","SABD0002000014","AAV2.0.0.13","3.0.1.1413","PSt7-10","180509-029","9/13/2019 10:47:01 AM","0000-00","0","no battery","V"
"08/17/2021","10:01:37","10","default","328281339","OXY_CH10","3.619","min","183.809","μmol/L","Humid","21.721","deg","105231","µV","27.848","°C","1015.000","hPa","35.0","pmil","0","55.560","deg","20.000","°C","100.000","%a.s.","22.340","deg","20.000","°C","962.000","hPa","0.861","-0.02617","0.00035","0","0","13.56","Humid","31.50","0","54.10","281402.77","SABD0002000014","AAV2.0.0.13","3.0.1.1413","PSt7-10","180509-029","9/13/2019 10:47:01 AM","0000-00","0","no battery","V"
"08/17/2021","10:01:38","10","default","328281339","OXY_CH10","3.636","min","183.859","μmol/L","Humid","21.720","deg","105220","µV","27.841","°C","1015.000","hPa","35.0","pmil","0","55.560","deg","20.000","°C","100.000","%a.s.","22.340","deg","20.000","°C","962.000","hPa","0.861","-0.02617","0.00035","0","0","13.56","Humid","31.50","0","54.10","281399.93","SABD0002000014","AAV2.0.0.13","3.0.1.1413","PSt7-10","180509-029","9/13/2019 10:47:01 AM","0000-00","0","no battery","V"
"08/17/2021","10:01:39","10","default","328281339","OXY_CH10","3.652","min","183.908","μmol/L","Humid","21.719","deg","105233","µV","27.835","°C","1015.000","hPa","35.0","pmil","0","55.560","deg","20.000","°C","100.000","%a.s.","22.340","deg","20.000","°C","962.000","hPa","0.861","-0.02617","0.00035","0","0","13.56","Humid","31.50","0","54.10","281406.12","SABD0002000014","AAV2.0.0.13","3.0.1.1413","PSt7-10","180509-029","9/13/2019 10:47:01 AM","0000-00","0","no battery","V"
"08/17/2021","10:01:40","10","default","328281339","OXY_CH10","3.669","min","183.777","μmol/L","Humid","21.723","deg","105212","µV","27.848","°C","1015.000","hPa","35.0","pmil","0","55.560","deg","20.000","°C","100.000","%a.s.","22.340","deg","20.000","°C","962.000","hPa","0.861","-0.02617","0.00035","0","0","13.56","Humid","31.50","0","54.10","281405.45","SABD0002000014","AAV2.0.0.13","3.0.1.1413","PSt7-10","180509-029","9/13/2019 10:47:01 AM","0000-00","0","no battery","V"
"08/17/2021","10:01:41","10","default","328281339","OXY_CH10","3.685","min","183.841","μmol/L","Humid","21.719","deg","105214","µV","27.848","°C","1015.000","hPa","35.0","pmil","0","55.560","deg","20.000","°C","100.000","%a.s.","22.340","deg","20.000","°C","962.000","hPa","0.861","-0.02617","0.00035","0","0","13.56","Humid","31.50","0","54.10","281408.87","SABD0002000014","AAV2.0.0.13","3.0.1.1413","PSt7-10","180509-029","9/13/2019 10:47:01 AM","0000-00","0","no battery","V"
"08/17/2021","10:01:42","10","default","328281339","OXY_CH10","3.702","min","183.791","μmol/L","Humid","21.720","deg","105206","µV","27.854","°C","1015.000","hPa","35.0","pmil","0","55.560","deg","20.000","°C","100.000","%a.s.","22.340","deg","20.000","°C","962.000","hPa","0.861","-0.02617","0.00035","0","0","13.56","Humid","31.50","0","54.10","281399.99","SABD0002000014","AAV2.0.0.13","3.0.1.1413","PSt7-10","180509-029","9/13/2019 10:47:01 AM","0000-00","0","no battery","V"
"08/17/2021","10:01:43","10","default","328281339","OXY_CH10","3.719","min","183.907","μmol/L","Humid","21.717","deg","105217","µV","27.841","°C","1015.000","hPa","35.0","pmil","0","55.560","deg","20.000","°C","100.000","%a.s.","22.340","deg","20.000","°C","962.000","hPa","0.861","-0.02617","0.00035","0","0","13.56","Humid","31.50","0","54.10","281396.79","SABD0002000014","AAV2.0.0.13","3.0.1.1413","PSt7-10","180509-029","9/13/2019 10:47:01 AM","0000-00","0","no battery","V"
"08/17/2021","10:01:44","10","default","328281339","OXY_CH10","3.735","min","183.857","μmol/L","Humid","21.718","deg","105210","µV","27.848","°C","1015.000","hPa","35.0","pmil","0","55.560","deg","20.000","°C","100.000","%a.s.","22.340","deg","20.000","°C","962.000","hPa","0.861","-0.02617","0.00035","0","0","13.56","Humid","31.50","0","54.10","281401.83","SABD0002000014","AAV2.0.0.13","3.0.1.1413","PSt7-10","180509-029","9/13/2019 10:47:01 AM","0000-00","0","no battery","V"
"08/17/2021","10:01:45","10","default","328281339","OXY_CH10","3.752","min","183.891","μmol/L","Humid","21.718","deg","105218","µV","27.841","°C","1015.000","hPa","35.0","pmil","0","55.560","deg","20.000","°C","100.000","%a.s.","22.340","deg","20.000","°C","962.000","hPa","0.861","-0.02617","0.00035","0","0","13.56","Humid","31.50","0","54.10","281401.81","SABD0002000014","AAV2.0.0.13","3.0.1.1413","PSt7-10","180509-029","9/13/2019 10:47:01 AM","0000-00","0","no battery","V"
"08/17/2021","10:01:46","10","default","328281339","OXY_CH10","3.768","min","183.859","μmol/L","Humid","21.720","deg","105212","µV","27.841","°C","1015.000","hPa","35.0","pmil","0","55.560","deg","20.000","°C","100.000","%a.s.","22.340","deg","20.000","°C","962.000","hPa","0.861","-0.02617","0.00035","0","0","13.56","Humid","31.50","0","54.10","281392.65","SABD0002000014","AAV2.0.0.13","3.0.1.1413","PSt7-10","180509-029","9/13/2019 10:47:01 AM","0000-00","0","no battery","V"
"08/17/2021","10:01:47","10","default","328281339","OXY_CH10","3.785","min","183.905","μmol/L","Humid","21.715","deg","105211","µV","27.848","°C","1015.000","hPa","35.0","pmil","0","55.560","deg","20.000","°C","100.000","%a.s.","22.340","deg","20.000","°C","962.000","hPa","0.861","-0.02617","0.00035","0","0","13.56","Humid","31.50","0","54.10","281410.19","SABD0002000014","AAV2.0.0.13","3.0.1.1413","PSt7-10","180509-029","9/13/2019 10:47:01 AM","0000-00","0","no battery","V"
"08/17/2021","10:01:48","10","default","328281339","OXY_CH10","3.802","min","183.905","μmol/L","Humid","21.715","deg","105206","µV","27.848","°C","1015.000","hPa","35.0","pmil","0","55.560","deg","20.000","°C","100.000","%a.s.","22.340","deg","20.000","°C","962.000","hPa","0.861","-0.02617","0.00035","0","0","13.56","Humid","31.50","0","54.10","281391.62","SABD0002000014","AAV2.0.0.13","3.0.1.1413","PSt7-10","180509-029","9/13/2019 10:47:01 AM","0000-00","0","no battery","V"
"08/17/2021","10:01:49","10","default","328281339","OXY_CH10","3.819","min","183.987","μmol/L","Humid","21.712","deg","105196","µV","27.841","°C","1015.000","hPa","35.0","pmil","0","55.560","deg","20.000","°C","100.000","%a.s.","22.340","deg","20.000","°C","962.000","hPa","0.861","-0.02617","0.00035","0","0","13.56","Humid","31.50","0","54.10","281396.47","SABD0002000014","AAV2.0.0.13","3.0.1.1413","PSt7-10","180509-029","9/13/2019 10:47:01 AM","0000-00","0","no battery","V"
"08/17/2021","10:01:50","10","default","328281339","OXY_CH10","3.836","min","183.967","μmol/L","Humid","21.709","deg","105198","µV","27.854","°C","1015.000","hPa","35.0","pmil","0","55.560","deg","20.000","°C","100.000","%a.s.","22.340","deg","20.000","°C","962.000","hPa","0.861","-0.02617","0.00035","0","0","13.56","Humid","31.50","0","54.10","281400.98","SABD0002000014","AAV2.0.0.13","3.0.1.1413","PSt7-10","180509-029","9/13/2019 10:47:01 AM","0000-00","0","no battery","V"
"08/17/2021","10:01:51","10","default","328281339","OXY_CH10","3.853","min","184.003","μmol/L","Humid","21.711","deg","105198","µV","27.841","°C","1015.000","hPa","35.0","pmil","0","55.560","deg","20.000","°C","100.000","%a.s.","22.340","deg","20.000","°C","962.000","hPa","0.861","-0.02617","0.00035","0","0","13.56","Humid","31.50","0","54.10","281392.06","SABD0002000014","AAV2.0.0.13","3.0.1.1413","PSt7-10","180509-029","9/13/2019 10:47:01 AM","0000-00","0","no battery","V"
"08/17/2021","10:01:52","10","default","328281339","OXY_CH10","3.869","min","183.955","μmol/L","Humid","21.714","deg","105187","µV","27.841","°C","1015.000","hPa","35.0","pmil","0","55.560","deg","20.000","°C","100.000","%a.s.","22.340","deg","20.000","°C","962.000","hPa","0.861","-0.02617","0.00035","0","0","13.56","Humid","31.50","0","54.10","281388.65","SABD0002000014","AAV2.0.0.13","3.0.1.1413","PSt7-10","180509-029","9/13/2019 10:47:01 AM","0000-00","0","no battery","V"
"08/17/2021","10:01:53","10","default","328281339","OXY_CH10","3.886","min","183.950","μmol/L","Humid","21.708","deg","105182","µV","27.860","°C","1015.000","hPa","35.0","pmil","0","55.560","deg","20.000","°C","100.000","%a.s.","22.340","deg","20.000","°C","962.000","hPa","0.861","-0.02617","0.00035","0","0","13.56","Humid","31.50","0","54.10","281386.25","SABD0002000014","AAV2.0.0.13","3.0.1.1413","PSt7-10","180509-029","9/13/2019 10:47:01 AM","0000-00","0","no battery","V"
"08/17/2021","10:01:54","10","default","328281339","OXY_CH10","3.902","min","184.001","μmol/L","Humid","21.709","deg","105176","µV","27.848","°C","1015.000","hPa","35.0","pmil","0","55.560","deg","20.000","°C","100.000","%a.s.","22.340","deg","20.000","°C","962.000","hPa","0.861","-0.02617","0.00035","0","0","13.56","Humid","31.50","0","54.10","281383.03","SABD0002000014","AAV2.0.0.13","3.0.1.1413","PSt7-10","180509-029","9/13/2019 10:47:01 AM","0000-00","0","no battery","V"
"08/17/2021","10:01:55","10","default","328281339","OXY_CH10","3.919","min","183.985","μmol/L","Humid","21.710","deg","105177","µV","27.848","°C","1015.000","hPa","35.0","pmil","0","55.560","deg","20.000","°C","100.000","%a.s.","22.340","deg","20.000","°C","962.000","hPa","0.861","-0.02617","0.00035","0","0","13.56","Humid","31.50","0","54.10","281378.17","SABD0002000014","AAV2.0.0.13","3.0.1.1413","PSt7-10","180509-029","9/13/2019 10:47:01 AM","0000-00","0","no battery","V"
"08/17/2021","10:01:56","10","default","328281339","OXY_CH10","3.935","min","183.985","μmol/L","Humid","21.710","deg","105178","µV","27.848","°C","1015.000","hPa","35.0","pmil","0","55.560","deg","20.000","°C","100.000","%a.s.","22.340","deg","20.000","°C","962.000","hPa","0.861","-0.02617","0.00035","0","0","13.56","Humid","31.50","0","54.10","281383.20","SABD0002000014","AAV2.0.0.13","3.0.1.1413","PSt7-10","180509-029","9/13/2019 10:47:01 AM","0000-00","0","no battery","V"
"08/17/2021","10:01:57","10","default","328281339","OXY_CH10","3.952","min","183.951","μmol/L","Humid","21.710","deg","105166","µV","27.854","°C","1015.000","hPa","35.0","pmil","0","55.560","deg","20.000","°C","100.000","%a.s.","22.340","deg","20.000","°C","962.000","hPa","0.861","-0.02617","0.00035","0","0","13.56","Humid","31.50","0","54.10","281377.67","SABD0002000014","AAV2.0.0.13","3.0.1.1413","PSt7-10","180509-029","9/13/2019 10:47:01 AM","0000-00","0","no battery","V"
"08/17/2021","10:01:58","10","default","328281339","OXY_CH10","3.969","min","184.033","μmol/L","Humid","21.707","deg","105165","µV","27.848","°C","1015.000","hPa","35.0","pmil","0","55.560","deg","20.000","°C","100.000","%a.s.","22.340","deg","20.000","°C","962.000","hPa","0.861","-0.02617","0.00035","0","0","13.56","Humid","31.50","0","54.10","281387.26","SABD0002000014","AAV2.0.0.13","3.0.1.1413","PSt7-10","180509-029","9/13/2019 10:47:01 AM","0000-00","0","no battery","V"
"08/17/2021","10:01:59","10","default","328281339","OXY_CH10","3.985","min","184.081","μmol/L","Humid","21.704","deg","105159","µV","27.848","°C","1015.000","hPa","35.0","pmil","0","55.560","deg","20.000","°C","100.000","%a.s.","22.340","deg","20.000","°C","962.000","hPa","0.861","-0.02617","0.00035","0","0","13.56","Humid","31.50","0","54.10","281375.69","SABD0002000014","AAV2.0.0.13","3.0.1.1413","PSt7-10","180509-029","9/13/2019 10:47:01 AM","0000-00","0","no battery","V"
"08/17/2021","10:02:00","10","default","328281339","OXY_CH10","4.002","min","183.982","μmol/L","Humid","21.706","deg","105155","µV","27.860","°C","1015.000","hPa","35.0","pmil","0","55.560","deg","20.000","°C","100.000","%a.s.","22.340","deg","20.000","°C","962.000","hPa","0.861","-0.02617","0.00035","0","0","13.56","Humid","31.50","0","54.10","281376.66","SABD0002000014","AAV2.0.0.13","3.0.1.1413","PSt7-10","180509-029","9/13/2019 10:47:01 AM","0000-00","0","no battery","V"
"08/17/2021","10:02:01","10","default","328281339","OXY_CH10","4.018","min","184.097","μmol/L","Humid","21.703","deg","105150","µV","27.848","°C","1015.000","hPa","35.0","pmil","0","55.560","deg","20.000","°C","100.000","%a.s.","22.340","deg","20.000","°C","962.000","hPa","0.861","-0.02617","0.00035","0","0","13.56","Humid","31.50","0","54.10","281371.71","SABD0002000014","AAV2.0.0.13","3.0.1.1413","PSt7-10","180509-029","9/13/2019 10:47:01 AM","0000-00","0","no battery","V"
"08/17/2021","10:02:02","10","default","328281339","OXY_CH10","4.035","min","184.048","μmol/L","Humid","21.704","deg","105150","µV","27.854","°C","1015.000","hPa","35.0","pmil","0","55.560","deg","20.000","°C","100.000","%a.s.","22.340","deg","20.000","°C","962.000","hPa","0.861","-0.02617","0.00035","0","0","13.56","Humid","31.50","0","54.10","281368.30","SABD0002000014","AAV2.0.0.13","3.0.1.1413","PSt7-10","180509-029","9/13/2019 10:47:01 AM","0000-00","0","no battery","V"
"08/17/2021","10:02:03","10","default","328281339","OXY_CH10","4.052","min","184.130","μmol/L","Humid","21.701","deg","105142","µV","27.848","°C","1015.000","hPa","35.0","pmil","0","55.560","deg","20.000","°C","100.000","%a.s.","22.340","deg","20.000","°C","962.000","hPa","0.861","-0.02617","0.00035","0","0","13.56","Humid","31.50","0","54.10","281381.72","SABD0002000014","AAV2.0.0.13","3.0.1.1413","PSt7-10","180509-029","9/13/2019 10:47:01 AM","0000-00","0","no battery","V"
"08/17/2021","10:02:04","10","default","328281339","OXY_CH10","4.068","min","184.113","μmol/L","Humid","21.702","deg","105146","µV","27.848","°C","1015.000","hPa","35.0","pmil","0","55.560","deg","20.000","°C","100.000","%a.s.","22.340","deg","20.000","°C","962.000","hPa","0.861","-0.02617","0.00035","0","0","13.56","Humid","31.50","0","54.10","281369.89","SABD0002000014","AAV2.0.0.13","3.0.1.1413","PSt7-10","180509-029","9/13/2019 10:47:01 AM","0000-00","0","no battery","V"
"08/17/2021","10:02:05","10","default","328281339","OXY_CH10","4.086","min","184.097","μmol/L","Humid","21.703","deg","105128","µV","27.848","°C","1015.000","hPa","35.0","pmil","0","55.560","deg","20.000","°C","100.000","%a.s.","22.340","deg","20.000","°C","962.000","hPa","0.861","-0.02617","0.00035","0","0","13.56","Humid","31.50","0","54.10","281375.89","SABD0002000014","AAV2.0.0.13","3.0.1.1413","PSt7-10","180509-029","9/13/2019 10:47:01 AM","0000-00","0","no battery","V"
"08/17/2021","10:02:06","10","default","328281339","OXY_CH10","4.103","min","184.097","μmol/L","Humid","21.703","deg","105131","µV","27.848","°C","1015.000","hPa","35.0","pmil","0","55.560","deg","20.000","°C","100.000","%a.s.","22.340","deg","20.000","°C","962.000","hPa","0.861","-0.02617","0.00035","0","0","13.56","Humid","31.50","0","54.10","281358.16","SABD0002000014","AAV2.0.0.13","3.0.1.1413","PSt7-10","180509-029","9/13/2019 10:47:01 AM","0000-00","0","no battery","V"
"08/17/2021","10:02:07","10","default","328281339","OXY_CH10","4.119","min","184.112","μmol/L","Humid","21.700","deg","105126","µV","27.854","°C","1015.000","hPa","35.0","pmil","0","55.560","deg","20.000","°C","100.000","%a.s.","22.340","deg","20.000","°C","962.000","hPa","0.861","-0.02617","0.00035","0","0","13.56","Humid","31.50","0","54.10","281360.73","SABD0002000014","AAV2.0.0.13","3.0.1.1413","PSt7-10","180509-029","9/13/2019 10:47:01 AM","0000-00","0","no battery","V"
"08/17/2021","10:02:08","10","default","328281339","OXY_CH10","4.136","min","184.078","μmol/L","Humid","21.700","deg","105112","µV","27.860","°C","1015.000","hPa","35.0","pmil","0","55.560","deg","20.000","°C","100.000","%a.s.","22.340","deg","20.000","°C","962.000","hPa","0.861","-0.02617","0.00035","0","0","13.56","Humid","31.50","0","54.10","281357.18","SABD0002000014","AAV2.0.0.13","3.0.1.1413","PSt7-10","180509-029","9/13/2019 10:47:01 AM","0000-00","0","no battery","V"
"08/17/2021","10:02:09","10","default","328281339","OXY_CH10","4.153","min","184.046","μmol/L","Humid","21.702","deg","105111","µV","27.860","°C","1015.000","hPa","35.0","pmil","0","55.560","deg","20.000","°C","100.000","%a.s.","22.340","deg","20.000","°C","962.000","hPa","0.861","-0.02617","0.00035","0","0","13.56","Humid","31.50","0","54.10","281371.46","SABD0002000014","AAV2.0.0.13","3.0.1.1413","PSt7-10","180509-029","9/13/2019 10:47:01 AM","0000-00","0","no battery","V"
"08/17/2021","10:02:10","10","default","328281339","OXY_CH10","4.169","min","184.046","μmol/L","Humid","21.702","deg","105110","µV","27.860","°C","1015.000","hPa","35.0","pmil","0","55.560","deg","20.000","°C","100.000","%a.s.","22.340","deg","20.000","°C","962.000","hPa","0.861","-0.02617","0.00035","0","0","13.56","Humid","31.50","0","54.10","281370.04","SABD0002000014","AAV2.0.0.13","3.0.1.1413","PSt7-10","180509-029","9/13/2019 10:47:01 AM","0000-00","0","no battery","V"
"08/17/2021","10:02:11","10","default","328281339","OXY_CH10","4.185","min","184.112","μmol/L","Humid","21.700","deg","105113","µV","27.854","°C","1015.000","hPa","35.0","pmil","0","55.560","deg","20.000","°C","100.000","%a.s.","22.340","deg","20.000","°C","962.000","hPa","0.861","-0.02617","0.00035","0","0","13.56","Humid","31.50","0","54.10","281362.94","SABD0002000014","AAV2.0.0.13","3.0.1.1413","PSt7-10","180509-029","9/13/2019 10:47:01 AM","0000-00","0","no battery","V"
"08/17/2021","10:02:12","10","default","328281339","OXY_CH10","4.202","min","184.094","μmol/L","Humid","21.699","deg","105107","µV","27.860","°C","1015.000","hPa","35.0","pmil","0","55.560","deg","20.000","°C","100.000","%a.s.","22.340","deg","20.000","°C","962.000","hPa","0.861","-0.02617","0.00035","0","0","13.56","Humid","31.50","0","54.10","281368.94","SABD0002000014","AAV2.0.0.13","3.0.1.1413","PSt7-10","180509-029","9/13/2019 10:47:01 AM","0000-00","0","no battery","V"
"08/17/2021","10:02:13","10","default","328281339","OXY_CH10","4.219","min","184.110","μmol/L","Humid","21.698","deg","105113","µV","27.860","°C","1015.000","hPa","35.0","pmil","0","55.560","deg","20.000","°C","100.000","%a.s.","22.340","deg","20.000","°C","962.000","hPa","0.861","-0.02617","0.00035","0","0","13.56","Humid","31.50","0","54.10","281378.09","SABD0002000014","AAV2.0.0.13","3.0.1.1413","PSt7-10","180509-029","9/13/2019 10:47:01 AM","0000-00","0","no battery","V"
"08/17/2021","10:02:14","10","default","328281339","OXY_CH10","4.235","min","184.094","μmol/L","Humid","21.699","deg","105102","µV","27.860","°C","1015.000","hPa","35.0","pmil","0","55.560","deg","20.000","°C","100.000","%a.s.","22.340","deg","20.000","°C","962.000","hPa","0.861","-0.02617","0.00035","0","0","13.56","Humid","31.50","0","54.10","281360.34","SABD0002000014","AAV2.0.0.13","3.0.1.1413","PSt7-10","180509-029","9/13/2019 10:47:01 AM","0000-00","0","no battery","V"
"08/17/2021","10:02:15","10","default","328281339","OXY_CH10","4.252","min","184.108","μmol/L","Humid","21.696","deg","105102","µV","27.866","°C","1015.000","hPa","35.0","pmil","0","55.560","deg","20.000","°C","100.000","%a.s.","22.340","deg","20.000","°C","962.000","hPa","0.861","-0.02617","0.00035","0","0","13.56","Humid","31.50","0","54.10","281362.83","SABD0002000014","AAV2.0.0.13","3.0.1.1413","PSt7-10","180509-029","9/13/2019 10:47:01 AM","0000-00","0","no battery","V"
"08/17/2021","10:02:16","10","default","328281339","OXY_CH10","4.269","min","184.144","μmol/L","Humid","21.698","deg","105094","µV","27.854","°C","1015.000","hPa","35.0","pmil","0","55.560","deg","20.000","°C","100.000","%a.s.","22.340","deg","20.000","°C","962.000","hPa","0.861","-0.02617","0.00035","0","0","13.56","Humid","31.50","0","54.10","281350.82","SABD0002000014","AAV2.0.0.13","3.0.1.1413","PSt7-10","180509-029","9/13/2019 10:47:01 AM","0000-00","0","no battery","V"
"08/17/2021","10:02:17","10","default","328281339","OXY_CH10","4.286","min","184.208","μmol/L","Humid","21.694","deg","105092","µV","27.854","°C","1015.000","hPa","35.0","pmil","0","55.560","deg","20.000","°C","100.000","%a.s.","22.340","deg","20.000","°C","962.000","hPa","0.861","-0.02617","0.00035","0","0","13.56","Humid","31.50","0","54.10","281359.74","SABD0002000014","AAV2.0.0.13","3.0.1.1413","PSt7-10","180509-029","9/13/2019 10:47:01 AM","0000-00","0","no battery","V"
"08/17/2021","10:02:18","10","default","328281339","OXY_CH10","4.303","min","184.176","μmol/L","Humid","21.696","deg","105087","µV","27.854","°C","1015.000","hPa","35.0","pmil","0","55.560","deg","20.000","°C","100.000","%a.s.","22.340","deg","20.000","°C","962.000","hPa","0.861","-0.02617","0.00035","0","0","13.56","Humid","31.50","0","54.10","281359.97","SABD0002000014","AAV2.0.0.13","3.0.1.1413","PSt7-10","180509-029","9/13/2019 10:47:01 AM","0000-00","0","no battery","V"
"08/17/2021","10:02:19","10","default","328281339","OXY_CH10","4.319","min","184.272","μmol/L","Humid","21.690","deg","105085","µV","27.854","°C","1015.000","hPa","35.0","pmil","0","55.560","deg","20.000","°C","100.000","%a.s.","22.340","deg","20.000","°C","962.000","hPa","0.861","-0.02617","0.00035","0","0","13.56","Humid","31.50","0","54.10","281358.32","SABD0002000014","AAV2.0.0.13","3.0.1.1413","PSt7-10","180509-029","9/13/2019 10:47:01 AM","0000-00","0","no battery","V"
"08/17/2021","10:02:20","10","default","328281339","OXY_CH10","4.336","min","184.174","μmol/L","Humid","21.694","deg","105076","µV","27.860","°C","1015.000","hPa","35.0","pmil","0","55.560","deg","20.000","°C","100.000","%a.s.","22.340","deg","20.000","°C","962.000","hPa","0.861","-0.02617","0.00035","0","0","13.56","Humid","31.50","0","54.10","281368.60","SABD0002000014","AAV2.0.0.13","3.0.1.1413","PSt7-10","180509-029","9/13/2019 10:47:01 AM","0000-00","0","no battery","V"
"08/17/2021","10:02:21","10","default","328281339","OXY_CH10","4.352","min","184.176","μmol/L","Humid","21.696","deg","105078","µV","27.854","°C","1015.000","hPa","35.0","pmil","0","55.560","deg","20.000","°C","100.000","%a.s.","22.340","deg","20.000","°C","962.000","hPa","0.861","-0.02617","0.00035","0","0","13.56","Humid","31.50","0","54.10","281350.74","SABD0002000014","AAV2.0.0.13","3.0.1.1413","PSt7-10","180509-029","9/13/2019 10:47:01 AM","0000-00","0","no battery","V"
"08/17/2021","10:02:22","10","default","328281339","OXY_CH10","4.369","min","184.224","μmol/L","Humid","21.693","deg","105076","µV","27.854","°C","1015.000","hPa","35.0","pmil","0","55.560","deg","20.000","°C","100.000","%a.s.","22.340","deg","20.000","°C","962.000","hPa","0.861","-0.02617","0.00035","0","0","13.56","Humid","31.50","0","54.10","281353.87","SABD0002000014","AAV2.0.0.13","3.0.1.1413","PSt7-10","180509-029","9/13/2019 10:47:01 AM","0000-00","0","no battery","V"
"08/17/2021","10:02:23","10","default","328281339","OXY_CH10","4.385","min","184.223","μmol/L","Humid","21.691","deg","105058","µV","27.860","°C","1015.000","hPa","35.0","pmil","0","55.560","deg","20.000","°C","100.000","%a.s.","22.340","deg","20.000","°C","962.000","hPa","0.861","-0.02617","0.00035","0","0","13.56","Humid","31.50","0","54.10","281364.61","SABD0002000014","AAV2.0.0.13","3.0.1.1413","PSt7-10","180509-029","9/13/2019 10:47:01 AM","0000-00","0","no battery","V"
"08/17/2021","10:02:24","10","default","328281339","OXY_CH10","4.402","min","184.271","μmol/L","Humid","21.688","deg","105072","µV","27.860","°C","1015.000","hPa","35.0","pmil","0","55.560","deg","20.000","°C","100.000","%a.s.","22.340","deg","20.000","°C","962.000","hPa","0.861","-0.02617","0.00035","0","0","13.56","Humid","31.50","0","54.10","281354.38","SABD0002000014","AAV2.0.0.13","3.0.1.1413","PSt7-10","180509-029","9/13/2019 10:47:01 AM","0000-00","0","no battery","V"
"08/17/2021","10:02:25","10","default","328281339","OXY_CH10","4.419","min","184.239","μmol/L","Humid","21.690","deg","105064","µV","27.860","°C","1015.000","hPa","35.0","pmil","0","55.560","deg","20.000","°C","100.000","%a.s.","22.340","deg","20.000","°C","962.000","hPa","0.861","-0.02617","0.00035","0","0","13.56","Humid","31.50","0","54.10","281349.84","SABD0002000014","AAV2.0.0.13","3.0.1.1413","PSt7-10","180509-029","9/13/2019 10:47:01 AM","0000-00","0","no battery","V"
"08/17/2021","10:02:26","10","default","328281339","OXY_CH10","4.436","min","184.303","μmol/L","Humid","21.686","deg","105055","µV","27.860","°C","1015.000","hPa","35.0","pmil","0","55.560","deg","20.000","°C","100.000","%a.s.","22.340","deg","20.000","°C","962.000","hPa","0.861","-0.02617","0.00035","0","0","13.56","Humid","31.50","0","54.10","281360.95","SABD0002000014","AAV2.0.0.13","3.0.1.1413","PSt7-10","180509-029","9/13/2019 10:47:01 AM","0000-00","0","no battery","V"
"08/17/2021","10:02:27","10","default","328281339","OXY_CH10","4.453","min","184.255","μmol/L","Humid","21.689","deg","105047","µV","27.860","°C","1015.000","hPa","35.0","pmil","0","55.560","deg","20.000","°C","100.000","%a.s.","22.340","deg","20.000","°C","962.000","hPa","0.861","-0.02617","0.00035","0","0","13.56","Humid","31.50","0","54.10","281341.11","SABD0002000014","AAV2.0.0.13","3.0.1.1413","PSt7-10","180509-029","9/13/2019 10:47:01 AM","0000-00","0","no battery","V"
"08/17/2021","10:02:28","10","default","328281339","OXY_CH10","4.469","min","184.237","μmol/L","Humid","21.688","deg","105037","µV","27.866","°C","1015.000","hPa","35.0","pmil","0","55.560","deg","20.000","°C","100.000","%a.s.","22.340","deg","20.000","°C","962.000","hPa","0.861","-0.02617","0.00035","0","0","13.56","Humid","31.50","0","54.10","281355.76","SABD0002000014","AAV2.0.0.13","3.0.1.1413","PSt7-10","180509-029","9/13/2019 10:47:01 AM","0000-00","0","no battery","V"
"08/17/2021","10:02:29","10","default","328281339","OXY_CH10","4.486","min","184.287","μmol/L","Humid","21.687","deg","105030","µV","27.860","°C","1015.000","hPa","35.0","pmil","0","55.560","deg","20.000","°C","100.000","%a.s.","22.340","deg","20.000","°C","962.000","hPa","0.861","-0.02617","0.00035","0","0","13.56","Humid","31.50","0","54.10","281352.95","SABD0002000014","AAV2.0.0.13","3.0.1.1413","PSt7-10","180509-029","9/13/2019 10:47:01 AM","0000-00","0","no battery","V"
"08/17/2021","10:02:30","10","default","328281339","OXY_CH10","4.503","min","184.271","μmol/L","Humid","21.688","deg","105028","µV","27.860","°C","1015.000","hPa","35.0","pmil","0","55.560","deg","20.000","°C","100.000","%a.s.","22.340","deg","20.000","°C","962.000","hPa","0.861","-0.02617","0.00035","0","0","13.56","Humid","31.50","0","54.10","281358.74","SABD0002000014","AAV2.0.0.13","3.0.1.1413","PSt7-10","180509-029","9/13/2019 10:47:01 AM","0000-00","0","no battery","V"
"08/17/2021","10:02:31","10","default","328281339","OXY_CH10","4.519","min","184.351","μmol/L","Humid","21.683","deg","105016","µV","27.860","°C","1015.000","hPa","35.0","pmil","0","55.560","deg","20.000","°C","100.000","%a.s.","22.340","deg","20.000","°C","962.000","hPa","0.861","-0.02617","0.00035","0","0","13.56","Humid","31.50","0","54.10","281341.06","SABD0002000014","AAV2.0.0.13","3.0.1.1413","PSt7-10","180509-029","9/13/2019 10:47:01 AM","0000-00","0","no battery","V"
"08/17/2021","10:02:32","10","default","328281339","OXY_CH10","4.536","min","184.303","μmol/L","Humid","21.686","deg","105023","µV","27.860","°C","1015.000","hPa","35.0","pmil","0","55.560","deg","20.000","°C","100.000","%a.s.","22.340","deg","20.000","°C","962.000","hPa","0.861","-0.02617","0.00035","0","0","13.56","Humid","31.50","0","54.10","281351.01","SABD0002000014","AAV2.0.0.13","3.0.1.1413","PSt7-10","180509-029","9/13/2019 10:47:01 AM","0000-00","0","no battery","V"
"08/17/2021","10:02:33","10","default","328281339","OXY_CH10","4.552","min","184.367","μmol/L","Humid","21.682","deg","105017","µV","27.860","°C","1015.000","hPa","35.0","pmil","0","55.560","deg","20.000","°C","100.000","%a.s.","22.340","deg","20.000","°C","962.000","hPa","0.861","-0.02617","0.00035","0","0","13.56","Humid","31.50","0","54.10","281353.23","SABD0002000014","AAV2.0.0.13","3.0.1.1413","PSt7-10","180509-029","9/13/2019 10:47:01 AM","0000-00","0","no battery","V"
"08/17/2021","10:02:34","10","default","328281339","OXY_CH10","4.569","min","184.367","μmol/L","Humid","21.682","deg","105012","µV","27.860","°C","1015.000","hPa","35.0","pmil","0","55.560","deg","20.000","°C","100.000","%a.s.","22.340","deg","20.000","°C","962.000","hPa","0.861","-0.02617","0.00035","0","0","13.56","Humid","31.50","0","54.10","281349.55","SABD0002000014","AAV2.0.0.13","3.0.1.1413","PSt7-10","180509-029","9/13/2019 10:47:01 AM","0000-00","0","no battery","V"
"08/17/2021","10:02:35","10","default","328281339","OXY_CH10","4.585","min","184.317","μmol/L","Humid","21.683","deg","105003","µV","27.866","°C","1015.000","hPa","35.0","pmil","0","55.560","deg","20.000","°C","100.000","%a.s.","22.340","deg","20.000","°C","962.000","hPa","0.861","-0.02617","0.00035","0","0","13.56","Humid","31.50","0","54.10","281342.59","SABD0002000014","AAV2.0.0.13","3.0.1.1413","PSt7-10","180509-029","9/13/2019 10:47:01 AM","0000-00","0","no battery","V"
"08/17/2021","10:02:36","10","default","328281339","OXY_CH10","4.602","min","184.369","μmol/L","Humid","21.684","deg","105011","µV","27.854","°C","1015.000","hPa","35.0","pmil","0","55.560","deg","20.000","°C","100.000","%a.s.","22.340","deg","20.000","°C","962.000","hPa","0.861","-0.02617","0.00035","0","0","13.56","Humid","31.50","0","54.10","281336.09","SABD0002000014","AAV2.0.0.13","3.0.1.1413","PSt7-10","180509-029","9/13/2019 10:47:01 AM","0000-00","0","no battery","V"
"08/17/2021","10:02:37","10","default","328281339","OXY_CH10","4.619","min","184.349","μmol/L","Humid","21.681","deg","105002","µV","27.866","°C","1015.000","hPa","35.0","pmil","0","55.560","deg","20.000","°C","100.000","%a.s.","22.340","deg","20.000","°C","962.000","hPa","0.861","-0.02617","0.00035","0","0","13.56","Humid","31.50","0","54.10","281346.38","SABD0002000014","AAV2.0.0.13","3.0.1.1413","PSt7-10","180509-029","9/13/2019 10:47:01 AM","0000-00","0","no battery","V"
"08/17/2021","10:02:38","10","default","328281339","OXY_CH10","4.635","min","184.351","μmol/L","Humid","21.683","deg","105002","µV","27.860","°C","1015.000","hPa","35.0","pmil","0","55.560","deg","20.000","°C","100.000","%a.s.","22.340","deg","20.000","°C","962.000","hPa","0.861","-0.02617","0.00035","0","0","13.56","Humid","31.50","0","54.10","281331.86","SABD0002000014","AAV2.0.0.13","3.0.1.1413","PSt7-10","180509-029","9/13/2019 10:47:01 AM","0000-00","0","no battery","V"
"08/17/2021","10:02:39","10","default","328281339","OXY_CH10","4.652","min","184.284","μmol/L","Humid","21.683","deg","104995","µV","27.872","°C","1015.000","hPa","35.0","pmil","0","55.560","deg","20.000","°C","100.000","%a.s.","22.340","deg","20.000","°C","962.000","hPa","0.861","-0.02617","0.00035","0","0","13.56","Humid","31.50","0","54.10","281334.68","SABD0002000014","AAV2.0.0.13","3.0.1.1413","PSt7-10","180509-029","9/13/2019 10:47:01 AM","0000-00","0","no battery","V"
"08/17/2021","10:02:40","10","default","328281339","OXY_CH10","4.668","min","184.317","μmol/L","Humid","21.683","deg","104993","µV","27.866","°C","1015.000","hPa","35.0","pmil","0","55.560","deg","20.000","°C","100.000","%a.s.","22.340","deg","20.000","°C","962.000","hPa","0.861","-0.02617","0.00035","0","0","13.56","Humid","31.50","0","54.10","281335.22","SABD0002000014","AAV2.0.0.13","3.0.1.1413","PSt7-10","180509-029","9/13/2019 10:47:01 AM","0000-00","0","no battery","V"
"08/17/2021","10:02:41","10","default","328281339","OXY_CH10","4.685","min","184.382","μmol/L","Humid","21.679","deg","104987","µV","27.866","°C","1015.000","hPa","35.0","pmil","0","55.560","deg","20.000","°C","100.000","%a.s.","22.340","deg","20.000","°C","962.000","hPa","0.861","-0.02617","0.00035","0","0","13.56","Humid","31.50","0","54.10","281338.09","SABD0002000014","AAV2.0.0.13","3.0.1.1413","PSt7-10","180509-029","9/13/2019 10:47:01 AM","0000-00","0","no battery","V"
"08/17/2021","10:02:42","10","default","328281339","OXY_CH10","4.702","min","184.449","μmol/L","Humid","21.679","deg","104991","µV","27.854","°C","1015.000","hPa","35.0","pmil","0","55.560","deg","20.000","°C","100.000","%a.s.","22.340","deg","20.000","°C","962.000","hPa","0.861","-0.02617","0.00035","0","0","13.56","Humid","31.50","0","54.10","281320.75","SABD0002000014","AAV2.0.0.13","3.0.1.1413","PSt7-10","180509-029","9/13/2019 10:47:01 AM","0000-00","0","no battery","V"
"08/17/2021","10:02:43","10","default","328281339","OXY_CH10","4.719","min","184.448","μmol/L","Humid","21.677","deg","104977","µV","27.860","°C","1015.000","hPa","35.0","pmil","0","55.560","deg","20.000","°C","100.000","%a.s.","22.340","deg","20.000","°C","962.000","hPa","0.861","-0.02617","0.00035","0","0","13.56","Humid","31.50","0","54.10","281339.34","SABD0002000014","AAV2.0.0.13","3.0.1.1413","PSt7-10","180509-029","9/13/2019 10:47:01 AM","0000-00","0","no battery","V"
"08/17/2021","10:02:44","10","default","328281339","OXY_CH10","4.735","min","184.446","μmol/L","Humid","21.675","deg","104966","µV","27.866","°C","1015.000","hPa","35.0","pmil","0","55.560","deg","20.000","°C","100.000","%a.s.","22.340","deg","20.000","°C","962.000","hPa","0.861","-0.02617","0.00035","0","0","13.56","Humid","31.50","0","54.10","281328.65","SABD0002000014","AAV2.0.0.13","3.0.1.1413","PSt7-10","180509-029","9/13/2019 10:47:01 AM","0000-00","0","no battery","V"
"08/17/2021","10:02:45","10","default","328281339","OXY_CH10","4.752","min","184.446","μmol/L","Humid","21.675","deg","104974","µV","27.866","°C","1015.000","hPa","35.0","pmil","0","55.560","deg","20.000","°C","100.000","%a.s.","22.340","deg","20.000","°C","962.000","hPa","0.861","-0.02617","0.00035","0","0","13.56","Humid","31.50","0","54.10","281335.53","SABD0002000014","AAV2.0.0.13","3.0.1.1413","PSt7-10","180509-029","9/13/2019 10:47:01 AM","0000-00","0","no battery","V"
"08/17/2021","10:02:46","10","default","328281339","OXY_CH10","4.769","min","184.464","μmol/L","Humid","21.676","deg","104962","µV","27.860","°C","1015.000","hPa","35.0","pmil","0","55.560","deg","20.000","°C","100.000","%a.s.","22.340","deg","20.000","°C","962.000","hPa","0.861","-0.02617","0.00035","0","0","13.56","Humid","31.50","0","54.10","281330.68","SABD0002000014","AAV2.0.0.13","3.0.1.1413","PSt7-10","180509-029","9/13/2019 10:47:01 AM","0000-00","0","no battery","V"
"08/17/2021","10:02:47","10","default","328281339","OXY_CH10","4.785","min","184.364","μmol/L","Humid","21.678","deg","104964","µV","27.872","°C","1015.000","hPa","35.0","pmil","0","55.560","deg","20.000","°C","100.000","%a.s.","22.340","deg","20.000","°C","962.000","hPa","0.861","-0.02617","0.00035","0","0","13.56","Humid","31.50","0","54.10","281325.16","SABD0002000014","AAV2.0.0.13","3.0.1.1413","PSt7-10","180509-029","9/13/2019 10:47:01 AM","0000-00","0","no battery","V"
"08/17/2021","10:02:48","10","default","328281339","OXY_CH10","4.802","min","184.494","μmol/L","Humid","21.672","deg","104956","µV","27.866","°C","1015.000","hPa","35.0","pmil","0","55.560","deg","20.000","°C","100.000","%a.s.","22.340","deg","20.000","°C","962.000","hPa","0.861","-0.02617","0.00035","0","0","13.56","Humid","31.50","0","54.10","281331.08","SABD0002000014","AAV2.0.0.13","3.0.1.1413","PSt7-10","180509-029","9/13/2019 10:47:01 AM","0000-00","0","no battery","V"
"08/17/2021","10:02:49","10","default","328281339","OXY_CH10","4.819","min","184.494","μmol/L","Humid","21.672","deg","104952","µV","27.866","°C","1015.000","hPa","35.0","pmil","0","55.560","deg","20.000","°C","100.000","%a.s.","22.340","deg","20.000","°C","962.000","hPa","0.861","-0.02617","0.00035","0","0","13.56","Humid","31.50","0","54.10","281322.65","SABD0002000014","AAV2.0.0.13","3.0.1.1413","PSt7-10","180509-029","9/13/2019 10:47:01 AM","0000-00","0","no battery","V"
"08/17/2021","10:02:50","10","default","328281339","OXY_CH10","4.835","min","184.478","μmol/L","Humid","21.673","deg","104944","µV","27.866","°C","1015.000","hPa","35.0","pmil","0","55.560","deg","20.000","°C","100.000","%a.s.","22.340","deg","20.000","°C","962.000","hPa","0.861","-0.02617","0.00035","0","0","13.56","Humid","31.50","0","54.10","281326.02","SABD0002000014","AAV2.0.0.13","3.0.1.1413","PSt7-10","180509-029","9/13/2019 10:47:01 AM","0000-00","0","no battery","V"
"08/17/2021","10:02:51","10","default","328281339","OXY_CH10","4.852","min","184.525","μmol/L","Humid","21.668","deg","104954","µV","27.872","°C","1015.000","hPa","35.0","pmil","0","55.560","deg","20.000","°C","100.000","%a.s.","22.340","deg","20.000","°C","962.000","hPa","0.861","-0.02617","0.00035","0","0","13.56","Humid","31.50","0","54.10","281333.33","SABD0002000014","AAV2.0.0.13","3.0.1.1413","PSt7-10","180509-029","9/13/2019 10:47:01 AM","0000-00","0","no battery","V"
"08/17/2021","10:02:52","10","default","328281339","OXY_CH10","4.869","min","184.428","μmol/L","Humid","21.674","deg","104941","µV","27.872","°C","1015.000","hPa","35.0","pmil","0","55.560","deg","20.000","°C","100.000","%a.s.","22.340","deg","20.000","°C","962.000","hPa","0.861","-0.02617","0.00035","0","0","13.56","Humid","31.50","0","54.10","281317.26","SABD0002000014","AAV2.0.0.13","3.0.1.1413","PSt7-10","180509-029","9/13/2019 10:47:01 AM","0000-00","0","no battery","V"
"08/17/2021","10:02:53","10","default","328281339","OXY_CH10","4.885","min","184.544","μmol/L","Humid","21.671","deg","104940","µV","27.860","°C","1015.000","hPa","35.0","pmil","0","55.560","deg","20.000","°C","100.000","%a.s.","22.340","deg","20.000","°C","962.000","hPa","0.861","-0.02617","0.00035","0","0","13.56","Humid","31.50","0","54.10","281322.52","SABD0002000014","AAV2.0.0.13","3.0.1.1413","PSt7-10","180509-029","9/13/2019 10:47:01 AM","0000-00","0","no battery","V"
"08/17/2021","10:02:54","10","default","328281339","OXY_CH10","4.902","min","184.559","μmol/L","Humid","21.668","deg","104934","µV","27.866","°C","1015.000","hPa","35.0","pmil","0","55.560","deg","20.000","°C","100.000","%a.s.","22.340","deg","20.000","°C","962.000","hPa","0.861","-0.02617","0.00035","0","0","13.56","Humid","31.50","0","54.10","281321.79","SABD0002000014","AAV2.0.0.13","3.0.1.1413","PSt7-10","180509-029","9/13/2019 10:47:01 AM","0000-00","0","no battery","V"
"08/17/2021","10:02:55","10","default","328281339","OXY_CH10","4.918","min","184.509","μmol/L","Humid","21.669","deg","104923","µV","27.872","°C","1015.000","hPa","35.0","pmil","0","55.560","deg","20.000","°C","100.000","%a.s.","22.340","deg","20.000","°C","962.000","hPa","0.861","-0.02617","0.00035","0","0","13.56","Humid","31.50","0","54.10","281320.87","SABD0002000014","AAV2.0.0.13","3.0.1.1413","PSt7-10","180509-029","9/13/2019 10:47:01 AM","0000-00","0","no battery","V"
"08/17/2021","10:02:56","10","default","328281339","OXY_CH10","4.936","min","184.525","μmol/L","Humid","21.668","deg","104929","µV","27.872","°C","1015.000","hPa","35.0","pmil","0","55.560","deg","20.000","°C","100.000","%a.s.","22.340","deg","20.000","°C","962.000","hPa","0.861","-0.02617","0.00035","0","0","13.56","Humid","31.50","0","54.10","281315.64","SABD0002000014","AAV2.0.0.13","3.0.1.1413","PSt7-10","180509-029","9/13/2019 10:47:01 AM","0000-00","0","no battery","V"
"08/17/2021","10:02:57","10","default","328281339","OXY_CH10","4.952","min","184.510","μmol/L","Humid","21.671","deg","104915","µV","27.866","°C","1015.000","hPa","35.0","pmil","0","55.560","deg","20.000","°C","100.000","%a.s.","22.340","deg","20.000","°C","962.000","hPa","0.861","-0.02617","0.00035","0","0","13.56","Humid","31.50","0","54.10","281323.35","SABD0002000014","AAV2.0.0.13","3.0.1.1413","PSt7-10","180509-029","9/13/2019 10:47:01 AM","0000-00","0","no battery","V"
"08/17/2021","10:02:58","10","default","328281339","OXY_CH10","4.969","min","184.525","μmol/L","Humid","21.668","deg","104905","µV","27.872","°C","1015.000","hPa","35.0","pmil","0","55.560","deg","20.000","°C","100.000","%a.s.","22.340","deg","20.000","°C","962.000","hPa","0.861","-0.02617","0.00035","0","0","13.56","Humid","31.50","0","54.10","281315.65","SABD0002000014","AAV2.0.0.13","3.0.1.1413","PSt7-10","180509-029","9/13/2019 10:47:01 AM","0000-00","0","no battery","V"
"08/17/2021","10:02:59","10","default","328281339","OXY_CH10","4.986","min","184.523","μmol/L","Humid","21.666","deg","104910","µV","27.878","°C","1015.000","hPa","35.0","pmil","0","55.560","deg","20.000","°C","100.000","%a.s.","22.340","deg","20.000","°C","962.000","hPa","0.861","-0.02617","0.00035","0","0","13.56","Humid","31.50","0","54.10","281314.98","SABD0002000014","AAV2.0.0.13","3.0.1.1413","PSt7-10","180509-029","9/13/2019 10:47:01 AM","0000-00","0","no battery","V"
"08/17/2021","10:03:00","10","default","328281339","OXY_CH10","5.002","min","184.589","μmol/L","Humid","21.664","deg","104912","µV","27.872","°C","1015.000","hPa","35.0","pmil","0","55.560","deg","20.000","°C","100.000","%a.s.","22.340","deg","20.000","°C","962.000","hPa","0.861","-0.02617","0.00035","0","0","13.56","Humid","31.50","0","54.10","281324.76","SABD0002000014","AAV2.0.0.13","3.0.1.1413","PSt7-10","180509-029","9/13/2019 10:47:01 AM","0000-00","0","no battery","V"
"08/17/2021","10:03:01","10","default","328281339","OXY_CH10","5.018","min","184.559","μmol/L","Humid","21.668","deg","104903","µV","27.866","°C","1015.000","hPa","35.0","pmil","0","55.560","deg","20.000","°C","100.000","%a.s.","22.340","deg","20.000","°C","962.000","hPa","0.861","-0.02617","0.00035","0","0","13.56","Humid","31.50","0","54.10","281306.10","SABD0002000014","AAV2.0.0.13","3.0.1.1413","PSt7-10","180509-029","9/13/2019 10:47:01 AM","0000-00","0","no battery","V"
"08/17/2021","10:03:02","10","default","328281339","OXY_CH10","5.036","min","184.525","μmol/L","Humid","21.668","deg","104899","µV","27.872","°C","1015.000","hPa","35.0","pmil","0","55.560","deg","20.000","°C","100.000","%a.s.","22.340","deg","20.000","°C","962.000","hPa","0.861","-0.02617","0.00035","0","0","13.56","Humid","31.50","0","54.10","281310.69","SABD0002000014","AAV2.0.0.13","3.0.1.1413","PSt7-10","180509-029","9/13/2019 10:47:01 AM","0000-00","0","no battery","V"
"08/17/2021","10:03:03","10","default","328281339","OXY_CH10","5.052","min","184.555","μmol/L","Humid","21.664","deg","104896","µV","27.878","°C","1015.000","hPa","35.0","pmil","0","55.560","deg","20.000","°C","100.000","%a.s.","22.340","deg","20.000","°C","962.000","hPa","0.861","-0.02617","0.00035","0","0","13.56","Humid","31.50","0","54.10","281306.97","SABD0002000014","AAV2.0.0.13","3.0.1.1413","PSt7-10","180509-029","9/13/2019 10:47:01 AM","0000-00","0","no battery","V"
"08/17/2021","10:03:04","10","default","328281339","OXY_CH10","5.069","min","184.539","μmol/L","Humid","21.665","deg","104893","µV","27.878","°C","1015.000","hPa","35.0","pmil","0","55.560","deg","20.000","°C","100.000","%a.s.","22.340","deg","20.000","°C","962.000","hPa","0.861","-0.02617","0.00035","0","0","13.56","Humid","31.50","0","54.10","281305.11","SABD0002000014","AAV2.0.0.13","3.0.1.1413","PSt7-10","180509-029","9/13/2019 10:47:01 AM","0000-00","0","no battery","V"
"08/17/2021","10:03:05","10","default","328281339","OXY_CH10","5.085","min","184.588","μmol/L","Humid","21.662","deg","104894","µV","27.878","°C","1015.000","hPa","35.0","pmil","0","55.560","deg","20.000","°C","100.000","%a.s.","22.340","deg","20.000","°C","962.000","hPa","0.861","-0.02617","0.00035","0","0","13.56","Humid","31.50","0","54.10","281308.95","SABD0002000014","AAV2.0.0.13","3.0.1.1413","PSt7-10","180509-029","9/13/2019 10:47:01 AM","0000-00","0","no battery","V"
"08/17/2021","10:03:06","10","default","328281339","OXY_CH10","5.102","min","184.620","μmol/L","Humid","21.660","deg","104895","µV","27.878","°C","1015.000","hPa","35.0","pmil","0","55.560","deg","20.000","°C","100.000","%a.s.","22.340","deg","20.000","°C","962.000","hPa","0.861","-0.02617","0.00035","0","0","13.56","Humid","31.50","0","54.10","281316.68","SABD0002000014","AAV2.0.0.13","3.0.1.1413","PSt7-10","180509-029","9/13/2019 10:47:01 AM","0000-00","0","no battery","V"
"08/17/2021","10:03:07","10","default","328281339","OXY_CH10","5.118","min","184.654","μmol/L","Humid","21.660","deg","104894","µV","27.872","°C","1015.000","hPa","35.0","pmil","0","55.560","deg","20.000","°C","100.000","%a.s.","22.340","deg","20.000","°C","962.000","hPa","0.861","-0.02617","0.00035","0","0","13.56","Humid","31.50","0","54.10","281304.11","SABD0002000014","AAV2.0.0.13","3.0.1.1413","PSt7-10","180509-029","9/13/2019 10:47:01 AM","0000-00","0","no battery","V"
"08/17/2021","10:03:08","10","default","328281339","OXY_CH10","5.135","min","184.589","μmol/L","Humid","21.664","deg","104890","µV","27.872","°C","1015.000","hPa","35.0","pmil","0","55.560","deg","20.000","°C","100.000","%a.s.","22.340","deg","20.000","°C","962.000","hPa","0.861","-0.02617","0.00035","0","0","13.56","Humid","31.50","0","54.10","281312.22","SABD0002000014","AAV2.0.0.13","3.0.1.1413","PSt7-10","180509-029","9/13/2019 10:47:01 AM","0000-00","0","no battery","V"
"08/17/2021","10:03:09","10","default","328281339","OXY_CH10","5.152","min","184.621","μmol/L","Humid","21.662","deg","104879","µV","27.872","°C","1015.000","hPa","35.0","pmil","0","55.560","deg","20.000","°C","100.000","%a.s.","22.340","deg","20.000","°C","962.000","hPa","0.861","-0.02617","0.00035","0","0","13.56","Humid","31.50","0","54.10","281309.70","SABD0002000014","AAV2.0.0.13","3.0.1.1413","PSt7-10","180509-029","9/13/2019 10:47:01 AM","0000-00","0","no battery","V"
"08/17/2021","10:03:10","10","default","328281339","OXY_CH10","5.168","min","184.702","μmol/L","Humid","21.657","deg","104878","µV","27.872","°C","1015.000","hPa","35.0","pmil","0","55.560","deg","20.000","°C","100.000","%a.s.","22.340","deg","20.000","°C","962.000","hPa","0.861","-0.02617","0.00035","0","0","13.56","Humid","31.50","0","54.10","281308.45","SABD0002000014","AAV2.0.0.13","3.0.1.1413","PSt7-10","180509-029","9/13/2019 10:47:01 AM","0000-00","0","no battery","V"
"08/17/2021","10:03:11","10","default","328281339","OXY_CH10","5.186","min","184.604","μmol/L","Humid","21.661","deg","104872","µV","27.878","°C","1015.000","hPa","35.0","pmil","0","55.560","deg","20.000","°C","100.000","%a.s.","22.340","deg","20.000","°C","962.000","hPa","0.861","-0.02617","0.00035","0","0","13.56","Humid","31.50","0","54.10","281317.31","SABD0002000014","AAV2.0.0.13","3.0.1.1413","PSt7-10","180509-029","9/13/2019 10:47:01 AM","0000-00","0","no battery","V"
"08/17/2021","10:03:12","10","default","328281339","OXY_CH10","5.202","min","184.750","μmol/L","Humid","21.654","deg","104880","µV","27.872","°C","1015.000","hPa","35.0","pmil","0","55.560","deg","20.000","°C","100.000","%a.s.","22.340","deg","20.000","°C","962.000","hPa","0.861","-0.02617","0.00035","0","0","13.56","Humid","31.50","0","54.10","281308.21","SABD0002000014","AAV2.0.0.13","3.0.1.1413","PSt7-10","180509-029","9/13/2019 10:47:01 AM","0000-00","0","no battery","V"
"08/17/2021","10:03:13","10","default","328281339","OXY_CH10","5.219","min","184.734","μmol/L","Humid","21.655","deg","104866","µV","27.872","°C","1015.000","hPa","35.0","pmil","0","55.560","deg","20.000","°C","100.000","%a.s.","22.340","deg","20.000","°C","962.000","hPa","0.861","-0.02617","0.00035","0","0","13.56","Humid","31.50","0","54.10","281303.69","SABD0002000014","AAV2.0.0.13","3.0.1.1413","PSt7-10","180509-029","9/13/2019 10:47:01 AM","0000-00","0","no battery","V"
"08/17/2021","10:03:14","10","default","328281339","OXY_CH10","5.235","min","184.702","μmol/L","Humid","21.657","deg","104864","µV","27.872","°C","1015.000","hPa","35.0","pmil","0","55.560","deg","20.000","°C","100.000","%a.s.","22.340","deg","20.000","°C","962.000","hPa","0.861","-0.02617","0.00035","0","0","13.56","Humid","31.50","0","54.10","281306.06","SABD0002000014","AAV2.0.0.13","3.0.1.1413","PSt7-10","180509-029","9/13/2019 10:47:01 AM","0000-00","0","no battery","V"
"08/17/2021","10:03:15","10","default","328281339","OXY_CH10","5.252","min","184.570","μmol/L","Humid","21.661","deg","104866","µV","27.884","°C","1015.000","hPa","35.0","pmil","0","55.560","deg","20.000","°C","100.000","%a.s.","22.340","deg","20.000","°C","962.000","hPa","0.861","-0.02617","0.00035","0","0","13.56","Humid","31.50","0","54.10","281301.81","SABD0002000014","AAV2.0.0.13","3.0.1.1413","PSt7-10","180509-029","9/13/2019 10:47:01 AM","0000-00","0","no battery","V"
"08/17/2021","10:03:16","10","default","328281339","OXY_CH10","5.268","min","184.687","μmol/L","Humid","21.660","deg","104856","µV","27.866","°C","1015.000","hPa","35.0","pmil","0","55.560","deg","20.000","°C","100.000","%a.s.","22.340","deg","20.000","°C","962.000","hPa","0.861","-0.02617","0.00035","0","0","13.56","Humid","31.50","0","54.10","281299.84","SABD0002000014","AAV2.0.0.13","3.0.1.1413","PSt7-10","180509-029","9/13/2019 10:47:01 AM","0000-00","0","no battery","V"
"08/17/2021","10:03:17","10","default","328281339","OXY_CH10","5.285","min","184.716","μmol/L","Humid","21.654","deg","104851","µV","27.878","°C","1015.000","hPa","35.0","pmil","0","55.560","deg","20.000","°C","100.000","%a.s.","22.340","deg","20.000","°C","962.000","hPa","0.861","-0.02617","0.00035","0","0","13.56","Humid","31.50","0","54.10","281294.16","SABD0002000014","AAV2.0.0.13","3.0.1.1413","PSt7-10","180509-029","9/13/2019 10:47:01 AM","0000-00","0","no battery","V"
"08/17/2021","10:03:18","10","default","328281339","OXY_CH10","5.302","min","184.684","μmol/L","Humid","21.656","deg","104857","µV","27.878","°C","1015.000","hPa","35.0","pmil","0","55.560","deg","20.000","°C","100.000","%a.s.","22.340","deg","20.000","°C","962.000","hPa","0.861","-0.02617","0.00035","0","0","13.56","Humid","31.50","0","54.10","281308.19","SABD0002000014","AAV2.0.0.13","3.0.1.1413","PSt7-10","180509-029","9/13/2019 10:47:01 AM","0000-00","0","no battery","V"
"08/17/2021","10:03:19","10","default","328281339","OXY_CH10","5.319","min","184.700","μmol/L","Humid","21.655","deg","104842","µV","27.878","°C","1015.000","hPa","35.0","pmil","0","55.560","deg","20.000","°C","100.000","%a.s.","22.340","deg","20.000","°C","962.000","hPa","0.861","-0.02617","0.00035","0","0","13.56","Humid","31.50","0","54.10","281295.45","SABD0002000014","AAV2.0.0.13","3.0.1.1413","PSt7-10","180509-029","9/13/2019 10:47:01 AM","0000-00","0","no battery","V"
"08/17/2021","10:03:20","10","default","328281339","OXY_CH10","5.336","min","184.700","μmol/L","Humid","21.655","deg","104839","µV","27.878","°C","1015.000","hPa","35.0","pmil","0","55.560","deg","20.000","°C","100.000","%a.s.","22.340","deg","20.000","°C","962.000","hPa","0.861","-0.02617","0.00035","0","0","13.56","Humid","31.50","0","54.10","281301.81","SABD0002000014","AAV2.0.0.13","3.0.1.1413","PSt7-10","180509-029","9/13/2019 10:47:01 AM","0000-00","0","no battery","V"
"08/17/2021","10:03:21","10","default","328281339","OXY_CH10","5.352","min","184.797","μmol/L","Humid","21.649","deg","104831","µV","27.878","°C","1015.000","hPa","35.0","pmil","0","55.560","deg","20.000","°C","100.000","%a.s.","22.340","deg","20.000","°C","962.000","hPa","0.861","-0.02617","0.00035","0","0","13.56","Humid","31.50","0","54.10","281298.73","SABD0002000014","AAV2.0.0.13","3.0.1.1413","PSt7-10","180509-029","9/13/2019 10:47:01 AM","0000-00","0","no battery","V"
"08/17/2021","10:03:22","10","default","328281339","OXY_CH10","5.369","min","184.749","μmol/L","Humid","21.652","deg","104832","µV","27.878","°C","1015.000","hPa","35.0","pmil","0","55.560","deg","20.000","°C","100.000","%a.s.","22.340","deg","20.000","°C","962.000","hPa","0.861","-0.02617","0.00035","0","0","13.56","Humid","31.50","0","54.10","281302.40","SABD0002000014","AAV2.0.0.13","3.0.1.1413","PSt7-10","180509-029","9/13/2019 10:47:01 AM","0000-00","0","no battery","V"
"08/17/2021","10:03:23","10","default","328281339","OXY_CH10","5.386","min","184.831","μmol/L","Humid","21.649","deg","104835","µV","27.872","°C","1015.000","hPa","35.0","pmil","0","55.560","deg","20.000","°C","100.000","%a.s.","22.340","deg","20.000","°C","962.000","hPa","0.861","-0.02617","0.00035","0","0","13.56","Humid","31.50","0","54.10","281301.57","SABD0002000014","AAV2.0.0.13","3.0.1.1413","PSt7-10","180509-029","9/13/2019 10:47:01 AM","0000-00","0","no battery","V"
"08/17/2021","10:03:24","10","default","328281339","OXY_CH10","5.402","min","184.813","μmol/L","Humid","21.648","deg","104828","µV","27.878","°C","1015.000","hPa","35.0","pmil","0","55.560","deg","20.000","°C","100.000","%a.s.","22.340","deg","20.000","°C","962.000","hPa","0.861","-0.02617","0.00035","0","0","13.56","Humid","31.50","0","54.10","281286.61","SABD0002000014","AAV2.0.0.13","3.0.1.1413","PSt7-10","180509-029","9/13/2019 10:47:01 AM","0000-00","0","no battery","V"
"08/17/2021","10:03:25","10","default","328281339","OXY_CH10","5.419","min","184.749","μmol/L","Humid","21.652","deg","104820","µV","27.878","°C","1015.000","hPa","35.0","pmil","0","55.560","deg","20.000","°C","100.000","%a.s.","22.340","deg","20.000","°C","962.000","hPa","0.861","-0.02617","0.00035","0","0","13.56","Humid","31.50","0","54.10","281285.52","SABD0002000014","AAV2.0.0.13","3.0.1.1413","PSt7-10","180509-029","9/13/2019 10:47:01 AM","0000-00","0","no battery","V"
"08/17/2021","10:03:26","10","default","328281339","OXY_CH10","5.435","min","184.765","μmol/L","Humid","21.651","deg","104812","µV","27.878","°C","1015.000","hPa","35.0","pmil","0","55.560","deg","20.000","°C","100.000","%a.s.","22.340","deg","20.000","°C","962.000","hPa","0.861","-0.02617","0.00035","0","0","13.56","Humid","31.50","0","54.10","281293.24","SABD0002000014","AAV2.0.0.13","3.0.1.1413","PSt7-10","180509-029","9/13/2019 10:47:01 AM","0000-00","0","no battery","V"
"08/17/2021","10:03:27","10","default","328281339","OXY_CH10","5.452","min","184.763","μmol/L","Humid","21.649","deg","104804","µV","27.884","°C","1015.000","hPa","35.0","pmil","0","55.560","deg","20.000","°C","100.000","%a.s.","22.340","deg","20.000","°C","962.000","hPa","0.861","-0.02617","0.00035","0","0","13.56","Humid","31.50","0","54.10","281280.30","SABD0002000014","AAV2.0.0.13","3.0.1.1413","PSt7-10","180509-029","9/13/2019 10:47:01 AM","0000-00","0","no battery","V"
"08/17/2021","10:03:28","10","default","328281339","OXY_CH10","5.469","min","184.863","μmol/L","Humid","21.647","deg","104812","µV","27.872","°C","1015.000","hPa","35.0","pmil","0","55.560","deg","20.000","°C","100.000","%a.s.","22.340","deg","20.000","°C","962.000","hPa","0.861","-0.02617","0.00035","0","0","13.56","Humid","31.50","0","54.10","281298.32","SABD0002000014","AAV2.0.0.13","3.0.1.1413","PSt7-10","180509-029","9/13/2019 10:47:01 AM","0000-00","0","no battery","V"
"08/17/2021","10:03:29","10","default","328281339","OXY_CH10","5.485","min","184.763","μmol/L","Humid","21.649","deg","104815","µV","27.884","°C","1015.000","hPa","35.0","pmil","0","55.560","deg","20.000","°C","100.000","%a.s.","22.340","deg","20.000","°C","962.000","hPa","0.861","-0.02617","0.00035","0","0","13.56","Humid","31.50","0","54.10","281294.88","SABD0002000014","AAV2.0.0.13","3.0.1.1413","PSt7-10","180509-029","9/13/2019 10:47:01 AM","0000-00","0","no battery","V"
"08/17/2021","10:03:30","10","default","328281339","OXY_CH10","5.502","min","184.797","μmol/L","Humid","21.649","deg","104806","µV","27.878","°C","1015.000","hPa","35.0","pmil","0","55.560","deg","20.000","°C","100.000","%a.s.","22.340","deg","20.000","°C","962.000","hPa","0.861","-0.02617","0.00035","0","0","13.56","Humid","31.50","0","54.10","281279.58","SABD0002000014","AAV2.0.0.13","3.0.1.1413","PSt7-10","180509-029","9/13/2019 10:47:01 AM","0000-00","0","no battery","V"
"08/17/2021","10:03:31","10","default","328281339","OXY_CH10","5.518","min","184.813","μmol/L","Humid","21.648","deg","104809","µV","27.878","°C","1015.000","hPa","35.0","pmil","0","55.560","deg","20.000","°C","100.000","%a.s.","22.340","deg","20.000","°C","962.000","hPa","0.861","-0.02617","0.00035","0","0","13.56","Humid","31.50","0","54.10","281273.26","SABD0002000014","AAV2.0.0.13","3.0.1.1413","PSt7-10","180509-029","9/13/2019 10:47:01 AM","0000-00","0","no battery","V"
"08/17/2021","10:03:32","10","default","328281339","OXY_CH10","5.535","min","184.878","μmol/L","Humid","21.644","deg","104806","µV","27.878","°C","1015.000","hPa","35.0","pmil","0","55.560","deg","20.000","°C","100.000","%a.s.","22.340","deg","20.000","°C","962.000","hPa","0.861","-0.02617","0.00035","0","0","13.56","Humid","31.50","0","54.10","281288.38","SABD0002000014","AAV2.0.0.13","3.0.1.1413","PSt7-10","180509-029","9/13/2019 10:47:01 AM","0000-00","0","no battery","V"
"08/17/2021","10:03:33","10","default","328281339","OXY_CH10","5.552","min","184.795","μmol/L","Humid","21.647","deg","104809","µV","27.884","°C","1015.000","hPa","35.0","pmil","0","55.560","deg","20.000","°C","100.000","%a.s.","22.340","deg","20.000","°C","962.000","hPa","0.861","-0.02617","0.00035","0","0","13.56","Humid","31.50","0","54.10","281284.23","SABD0002000014","AAV2.0.0.13","3.0.1.1413","PSt7-10","180509-029","9/13/2019 10:47:01 AM","0000-00","0","no battery","V"
"08/17/2021","10:03:34","10","default","328281339","OXY_CH10","5.568","min","184.829","μmol/L","Humid","21.647","deg","104803","µV","27.878","°C","1015.000","hPa","35.0","pmil","0","55.560","deg","20.000","°C","100.000","%a.s.","22.340","deg","20.000","°C","962.000","hPa","0.861","-0.02617","0.00035","0","0","13.56","Humid","31.50","0","54.10","281273.80","SABD0002000014","AAV2.0.0.13","3.0.1.1413","PSt7-10","180509-029","9/13/2019 10:47:01 AM","0000-00","0","no battery","V"
"08/17/2021","10:03:35","10","default","328281339","OXY_CH10","5.585","min","184.828","μmol/L","Humid","21.645","deg","104794","µV","27.884","°C","1015.000","hPa","35.0","pmil","0","55.560","deg","20.000","°C","100.000","%a.s.","22.340","deg","20.000","°C","962.000","hPa","0.861","-0.02617","0.00035","0","0","13.56","Humid","31.50","0","54.10","281282.71","SABD0002000014","AAV2.0.0.13","3.0.1.1413","PSt7-10","180509-029","9/13/2019 10:47:01 AM","0000-00","0","no battery","V"
"08/17/2021","10:03:36","10","default","328281339","OXY_CH10","5.602","min","184.894","μmol/L","Humid","21.643","deg","104800","µV","27.878","°C","1015.000","hPa","35.0","pmil","0","55.560","deg","20.000","°C","100.000","%a.s.","22.340","deg","20.000","°C","962.000","hPa","0.861","-0.02617","0.00035","0","0","13.56","Humid","31.50","0","54.10","281287.97","SABD0002000014","AAV2.0.0.13","3.0.1.1413","PSt7-10","180509-029","9/13/2019 10:47:01 AM","0000-00","0","no battery","V"
"08/17/2021","10:03:37","10","default","328281339","OXY_CH10","5.618","min","184.829","μmol/L","Humid","21.647","deg","104796","µV","27.878","°C","1015.000","hPa","35.0","pmil","0","55.560","deg","20.000","°C","100.000","%a.s.","22.340","deg","20.000","°C","962.000","hPa","0.861","-0.02617","0.00035","0","0","13.56","Humid","31.50","0","54.10","281269.01","SABD0002000014","AAV2.0.0.13","3.0.1.1413","PSt7-10","180509-029","9/13/2019 10:47:01 AM","0000-00","0","no battery","V"
"08/17/2021","10:03:38","10","default","328281339","OXY_CH10","5.635","min","184.912","μmol/L","Humid","21.644","deg","104793","µV","27.872","°C","1015.000","hPa","35.0","pmil","0","55.560","deg","20.000","°C","100.000","%a.s.","22.340","deg","20.000","°C","962.000","hPa","0.861","-0.02617","0.00035","0","0","13.56","Humid","31.50","0","54.10","281274.44","SABD0002000014","AAV2.0.0.13","3.0.1.1413","PSt7-10","180509-029","9/13/2019 10:47:01 AM","0000-00","0","no battery","V"
"08/17/2021","10:03:39","10","default","328281339","OXY_CH10","5.652","min","184.828","μmol/L","Humid","21.645","deg","104789","µV","27.884","°C","1015.000","hPa","35.0","pmil","0","55.560","deg","20.000","°C","100.000","%a.s.","22.340","deg","20.000","°C","962.000","hPa","0.861","-0.02617","0.00035","0","0","13.56","Humid","31.50","0","54.10","281276.11","SABD0002000014","AAV2.0.0.13","3.0.1.1413","PSt7-10","180509-029","9/13/2019 10:47:01 AM","0000-00","0","no battery","V"
"08/17/2021","10:03:40","10","default","328281339","OXY_CH10","5.669","min","184.876","μmol/L","Humid","21.642","deg","104787","µV","27.884","°C","1015.000","hPa","35.0","pmil","0","55.560","deg","20.000","°C","100.000","%a.s.","22.340","deg","20.000","°C","962.000","hPa","0.861","-0.02617","0.00035","0","0","13.56","Humid","31.50","0","54.10","281267.85","SABD0002000014","AAV2.0.0.13","3.0.1.1413","PSt7-10","180509-029","9/13/2019 10:47:01 AM","0000-00","0","no battery","V"
"08/17/2021","10:03:41","10","default","328281339","OXY_CH10","5.686","min","184.828","μmol/L","Humid","21.645","deg","104777","µV","27.884","°C","1015.000","hPa","35.0","pmil","0","55.560","deg","20.000","°C","100.000","%a.s.","22.340","deg","20.000","°C","962.000","hPa","0.861","-0.02617","0.00035","0","0","13.56","Humid","31.50","0","54.10","281279.20","SABD0002000014","AAV2.0.0.13","3.0.1.1413","PSt7-10","180509-029","9/13/2019 10:47:01 AM","0000-00","0","no battery","V"
"08/17/2021","10:03:42","10","default","328281339","OXY_CH10","5.702","min","184.826","μmol/L","Humid","21.643","deg","104782","µV","27.890","°C","1015.000","hPa","35.0","pmil","0","55.560","deg","20.000","°C","100.000","%a.s.","22.340","deg","20.000","°C","962.000","hPa","0.861","-0.02617","0.00035","0","0","13.56","Humid","31.50","0","54.10","281276.51","SABD0002000014","AAV2.0.0.13","3.0.1.1413","PSt7-10","180509-029","9/13/2019 10:47:01 AM","0000-00","0","no battery","V"
"08/17/2021","10:03:43","10","default","328281339","OXY_CH10","5.719","min","184.844","μmol/L","Humid","21.644","deg","104781","µV","27.884","°C","1015.000","hPa","35.0","pmil","0","55.560","deg","20.000","°C","100.000","%a.s.","22.340","deg","20.000","°C","962.000","hPa","0.861","-0.02617","0.00035","0","0","13.56","Humid","31.50","0","54.10","281270.20","SABD0002000014","AAV2.0.0.13","3.0.1.1413","PSt7-10","180509-029","9/13/2019 10:47:01 AM","0000-00","0","no battery","V"
"08/17/2021","10:03:44","10","default","328281339","OXY_CH10","5.735","min","184.939","μmol/L","Humid","21.636","deg","104774","µV","27.890","°C","1015.000","hPa","35.0","pmil","0","55.560","deg","20.000","°C","100.000","%a.s.","22.340","deg","20.000","°C","962.000","hPa","0.861","-0.02617","0.00035","0","0","13.56","Humid","31.50","0","54.10","281261.26","SABD0002000014","AAV2.0.0.13","3.0.1.1413","PSt7-10","180509-029","9/13/2019 10:47:01 AM","0000-00","0","no battery","V"
"08/17/2021","10:03:45","10","default","328281339","OXY_CH10","5.752","min","184.925","μmol/L","Humid","21.639","deg","104772","µV","27.884","°C","1015.000","hPa","35.0","pmil","0","55.560","deg","20.000","°C","100.000","%a.s.","22.340","deg","20.000","°C","962.000","hPa","0.861","-0.02617","0.00035","0","0","13.56","Humid","31.50","0","54.10","281267.80","SABD0002000014","AAV2.0.0.13","3.0.1.1413","PSt7-10","180509-029","9/13/2019 10:47:01 AM","0000-00","0","no battery","V"
"08/17/2021","10:03:46","10","default","328281339","OXY_CH10","5.768","min","184.926","μmol/L","Humid","21.641","deg","104760","µV","27.878","°C","1015.000","hPa","35.0","pmil","0","55.560","deg","20.000","°C","100.000","%a.s.","22.340","deg","20.000","°C","962.000","hPa","0.861","-0.02617","0.00035","0","0","13.56","Humid","31.50","0","54.10","281257.11","SABD0002000014","AAV2.0.0.13","3.0.1.1413","PSt7-10","180509-029","9/13/2019 10:47:01 AM","0000-00","0","no battery","V"
"08/17/2021","10:03:47","10","default","328281339","OXY_CH10","5.785","min","184.991","μmol/L","Humid","21.637","deg","104754","µV","27.878","°C","1015.000","hPa","35.0","pmil","0","55.560","deg","20.000","°C","100.000","%a.s.","22.340","deg","20.000","°C","962.000","hPa","0.861","-0.02617","0.00035","0","0","13.56","Humid","31.50","0","54.10","281260.20","SABD0002000014","AAV2.0.0.13","3.0.1.1413","PSt7-10","180509-029","9/13/2019 10:47:01 AM","0000-00","0","no battery","V"
"08/17/2021","10:03:48","10","default","328281339","OXY_CH10","5.802","min","184.925","μmol/L","Humid","21.639","deg","104750","µV","27.884","°C","1015.000","hPa","35.0","pmil","0","55.560","deg","20.000","°C","100.000","%a.s.","22.340","deg","20.000","°C","962.000","hPa","0.861","-0.02617","0.00035","0","0","13.56","Humid","31.50","0","54.10","281267.43","SABD0002000014","AAV2.0.0.13","3.0.1.1413","PSt7-10","180509-029","9/13/2019 10:47:01 AM","0000-00","0","no battery","V"
"08/17/2021","10:03:49","10","default","328281339","OXY_CH10","5.818","min","184.923","μmol/L","Humid","21.637","deg","104745","µV","27.890","°C","1015.000","hPa","35.0","pmil","0","55.560","deg","20.000","°C","100.000","%a.s.","22.340","deg","20.000","°C","962.000","hPa","0.861","-0.02617","0.00035","0","0","13.56","Humid","31.50","0","54.10","281268.16","SABD0002000014","AAV2.0.0.13","3.0.1.1413","PSt7-10","180509-029","9/13/2019 10:47:01 AM","0000-00","0","no battery","V"
"08/17/2021","10:03:50","10","default","328281339","OXY_CH10","5.835","min","184.973","μmol/L","Humid","21.636","deg","104744","µV","27.884","°C","1015.000","hPa","35.0","pmil","0","55.560","deg","20.000","°C","100.000","%a.s.","22.340","deg","20.000","°C","962.000","hPa","0.861","-0.02617","0.00035","0","0","13.56","Humid","31.50","0","54.10","281266.70","SABD0002000014","AAV2.0.0.13","3.0.1.1413","PSt7-10","180509-029","9/13/2019 10:47:01 AM","0000-00","0","no battery","V"
"08/17/2021","10:03:51","10","default","328281339","OXY_CH10","5.852","min","185.021","μmol/L","Humid","21.633","deg","104738","µV","27.884","°C","1015.000","hPa","35.0","pmil","0","55.560","deg","20.000","°C","100.000","%a.s.","22.340","deg","20.000","°C","962.000","hPa","0.861","-0.02617","0.00035","0","0","13.56","Humid","31.50","0","54.10","281257.59","SABD0002000014","AAV2.0.0.13","3.0.1.1413","PSt7-10","180509-029","9/13/2019 10:47:01 AM","0000-00","0","no battery","V"
"08/17/2021","10:03:52","10","default","328281339","OXY_CH10","5.869","min","184.989","μmol/L","Humid","21.635","deg","104733","µV","27.884","°C","1015.000","hPa","35.0","pmil","0","55.560","deg","20.000","°C","100.000","%a.s.","22.340","deg","20.000","°C","962.000","hPa","0.861","-0.02617","0.00035","0","0","13.56","Humid","31.50","0","54.10","281258.43","SABD0002000014","AAV2.0.0.13","3.0.1.1413","PSt7-10","180509-029","9/13/2019 10:47:01 AM","0000-00","0","no battery","V"
"08/17/2021","10:03:53","10","default","328281339","OXY_CH10","5.885","min","184.986","μmol/L","Humid","21.631","deg","104724","µV","27.897","°C","1015.000","hPa","35.0","pmil","0","55.560","deg","20.000","°C","100.000","%a.s.","22.340","deg","20.000","°C","962.000","hPa","0.861","-0.02617","0.00035","0","0","13.56","Humid","31.50","0","54.10","281251.70","SABD0002000014","AAV2.0.0.13","3.0.1.1413","PSt7-10","180509-029","9/13/2019 10:47:01 AM","0000-00","0","no battery","V"
"08/17/2021","10:03:54","10","default","328281339","OXY_CH10","5.902","min","185.036","μmol/L","Humid","21.630","deg","104722","µV","27.890","°C","1015.000","hPa","35.0","pmil","0","55.560","deg","20.000","°C","100.000","%a.s.","22.340","deg","20.000","°C","962.000","hPa","0.861","-0.02617","0.00035","0","0","13.56","Humid","31.50","0","54.10","281249.63","SABD0002000014","AAV2.0.0.13","3.0.1.1413","PSt7-10","180509-029","9/13/2019 10:47:01 AM","0000-00","0","no battery","V"
"08/17/2021","10:03:55","10","default","328281339","OXY_CH10","5.919","min","185.054","μmol/L","Humid","21.631","deg","104723","µV","27.884","°C","1015.000","hPa","35.0","pmil","0","55.560","deg","20.000","°C","100.000","%a.s.","22.340","deg","20.000","°C","962.000","hPa","0.861","-0.02617","0.00035","0","0","13.56","Humid","31.50","0","54.10","281257.22","SABD0002000014","AAV2.0.0.13","3.0.1.1413","PSt7-10","180509-029","9/13/2019 10:47:01 AM","0000-00","0","no battery","V"
"08/17/2021","10:03:56","10","default","328281339","OXY_CH10","5.935","min","185.052","μmol/L","Humid","21.629","deg","104711","µV","27.890","°C","1015.000","hPa","35.0","pmil","0","55.560","deg","20.000","°C","100.000","%a.s.","22.340","deg","20.000","°C","962.000","hPa","0.861","-0.02617","0.00035","0","0","13.56","Humid","31.50","0","54.10","281236.03","SABD0002000014","AAV2.0.0.13","3.0.1.1413","PSt7-10","180509-029","9/13/2019 10:47:01 AM","0000-00","0","no battery","V"
"08/17/2021","10:03:57","10","default","328281339","OXY_CH10","5.952","min","184.971","μmol/L","Humid","21.634","deg","104714","µV","27.890","°C","1015.000","hPa","35.0","pmil","0","55.560","deg","20.000","°C","100.000","%a.s.","22.340","deg","20.000","°C","962.000","hPa","0.861","-0.02617","0.00035","0","0","13.56","Humid","31.50","0","54.10","281251.37","SABD0002000014","AAV2.0.0.13","3.0.1.1413","PSt7-10","180509-029","9/13/2019 10:47:01 AM","0000-00","0","no battery","V"
"08/17/2021","10:03:58","10","default","328281339","OXY_CH10","5.969","min","185.002","μmol/L","Humid","21.630","deg","104705","µV","27.897","°C","1015.000","hPa","35.0","pmil","0","55.560","deg","20.000","°C","100.000","%a.s.","22.340","deg","20.000","°C","962.000","hPa","0.861","-0.02617","0.00035","0","0","13.56","Humid","31.50","0","54.10","281249.96","SABD0002000014","AAV2.0.0.13","3.0.1.1413","PSt7-10","180509-029","9/13/2019 10:47:01 AM","0000-00","0","no battery","V"
"08/17/2021","10:03:59","10","default","328281339","OXY_CH10","5.985","min","185.036","μmol/L","Humid","21.630","deg","104708","µV","27.890","°C","1015.000","hPa","35.0","pmil","0","55.560","deg","20.000","°C","100.000","%a.s.","22.340","deg","20.000","°C","962.000","hPa","0.861","-0.02617","0.00035","0","0","13.56","Humid","31.50","0","54.10","281250.96","SABD0002000014","AAV2.0.0.13","3.0.1.1413","PSt7-10","180509-029","9/13/2019 10:47:01 AM","0000-00","0","no battery","V"
"08/17/2021","10:04:00","10","default","328281339","OXY_CH10","6.002","min","185.167","μmol/L","Humid","21.624","deg","104705","µV","27.884","°C","1015.000","hPa","35.0","pmil","0","55.560","deg","20.000","°C","100.000","%a.s.","22.340","deg","20.000","°C","962.000","hPa","0.861","-0.02617","0.00035","0","0","13.56","Humid","31.50","0","54.10","281261.09","SABD0002000014","AAV2.0.0.13","3.0.1.1413","PSt7-10","180509-029","9/13/2019 10:47:01 AM","0000-00","0","no battery","V"
"08/17/2021","10:04:01","10","default","328281339","OXY_CH10","6.019","min","185.068","μmol/L","Humid","21.628","deg","104697","µV","27.890","°C","1015.000","hPa","35.0","pmil","0","55.560","deg","20.000","°C","100.000","%a.s.","22.340","deg","20.000","°C","962.000","hPa","0.861","-0.02617","0.00035","0","0","13.56","Humid","31.50","0","54.10","281240.82","SABD0002000014","AAV2.0.0.13","3.0.1.1413","PSt7-10","180509-029","9/13/2019 10:47:01 AM","0000-00","0","no battery","V"
"08/17/2021","10:04:02","10","default","328281339","OXY_CH10","6.035","min","185.118","μmol/L","Humid","21.627","deg","104689","µV","27.884","°C","1015.000","hPa","35.0","pmil","0","55.560","deg","20.000","°C","100.000","%a.s.","22.340","deg","20.000","°C","962.000","hPa","0.861","-0.02617","0.00035","0","0","13.56","Humid","31.50","0","54.10","281248.66","SABD0002000014","AAV2.0.0.13","3.0.1.1413","PSt7-10","180509-029","9/13/2019 10:47:01 AM","0000-00","0","no battery","V"
"08/17/2021","10:04:03","10","default","328281339","OXY_CH10","6.052","min","185.115","μmol/L","Humid","21.623","deg","104681","µV","27.897","°C","1015.000","hPa","35.0","pmil","0","55.560","deg","20.000","°C","100.000","%a.s.","22.340","deg","20.000","°C","962.000","hPa","0.861","-0.02617","0.00035","0","0","13.56","Humid","31.50","0","54.10","281246.01","SABD0002000014","AAV2.0.0.13","3.0.1.1413","PSt7-10","180509-029","9/13/2019 10:47:01 AM","0000-00","0","no battery","V"
"08/17/2021","10:04:04","10","default","328281339","OXY_CH10","6.069","min","185.084","μmol/L","Humid","21.627","deg","104680","µV","27.890","°C","1015.000","hPa","35.0","pmil","0","55.560","deg","20.000","°C","100.000","%a.s.","22.340","deg","20.000","°C","962.000","hPa","0.861","-0.02617","0.00035","0","0","13.56","Humid","31.50","0","54.10","281246.87","SABD0002000014","AAV2.0.0.13","3.0.1.1413","PSt7-10","180509-029","9/13/2019 10:47:01 AM","0000-00","0","no battery","V"
"08/17/2021","10:04:05","10","default","328281339","OXY_CH10","6.085","min","185.117","μmol/L","Humid","21.625","deg","104674","µV","27.890","°C","1015.000","hPa","35.0","pmil","0","55.560","deg","20.000","°C","100.000","%a.s.","22.340","deg","20.000","°C","962.000","hPa","0.861","-0.02617","0.00035","0","0","13.56","Humid","31.50","0","54.10","281235.89","SABD0002000014","AAV2.0.0.13","3.0.1.1413","PSt7-10","180509-029","9/13/2019 10:47:01 AM","0000-00","0","no battery","V"
"08/17/2021","10:04:06","10","default","328281339","OXY_CH10","6.102","min","185.131","μmol/L","Humid","21.622","deg","104678","µV","27.897","°C","1015.000","hPa","35.0","pmil","0","55.560","deg","20.000","°C","100.000","%a.s.","22.340","deg","20.000","°C","962.000","hPa","0.861","-0.02617","0.00035","0","0","13.56","Humid","31.50","0","54.10","281240.07","SABD0002000014","AAV2.0.0.13","3.0.1.1413","PSt7-10","180509-029","9/13/2019 10:47:01 AM","0000-00","0","no battery","V"
"08/17/2021","10:04:07","10","default","328281339","OXY_CH10","6.119","min","185.131","μmol/L","Humid","21.622","deg","104674","µV","27.897","°C","1015.000","hPa","35.0","pmil","0","55.560","deg","20.000","°C","100.000","%a.s.","22.340","deg","20.000","°C","962.000","hPa","0.861","-0.02617","0.00035","0","0","13.56","Humid","31.50","0","54.10","281249.46","SABD0002000014","AAV2.0.0.13","3.0.1.1413","PSt7-10","180509-029","9/13/2019 10:47:01 AM","0000-00","0","no battery","V"
"08/17/2021","10:04:08","10","default","328281339","OXY_CH10","6.135","min","185.165","μmol/L","Humid","21.622","deg","104670","µV","27.890","°C","1015.000","hPa","35.0","pmil","0","55.560","deg","20.000","°C","100.000","%a.s.","22.340","deg","20.000","°C","962.000","hPa","0.861","-0.02617","0.00035","0","0","13.56","Humid","31.50","0","54.10","281242.18","SABD0002000014","AAV2.0.0.13","3.0.1.1413","PSt7-10","180509-029","9/13/2019 10:47:01 AM","0000-00","0","no battery","V"
"08/17/2021","10:04:09","10","default","328281339","OXY_CH10","6.152","min","185.115","μmol/L","Humid","21.623","deg","104661","µV","27.897","°C","1015.000","hPa","35.0","pmil","0","55.560","deg","20.000","°C","100.000","%a.s.","22.340","deg","20.000","°C","962.000","hPa","0.861","-0.02617","0.00035","0","0","13.56","Humid","31.50","0","54.10","281237.31","SABD0002000014","AAV2.0.0.13","3.0.1.1413","PSt7-10","180509-029","9/13/2019 10:47:01 AM","0000-00","0","no battery","V"
"08/17/2021","10:04:10","10","default","328281339","OXY_CH10","6.169","min","185.147","μmol/L","Humid","21.621","deg","104661","µV","27.897","°C","1015.000","hPa","35.0","pmil","0","55.560","deg","20.000","°C","100.000","%a.s.","22.340","deg","20.000","°C","962.000","hPa","0.861","-0.02617","0.00035","0","0","13.56","Humid","31.50","0","54.10","281238.13","SABD0002000014","AAV2.0.0.13","3.0.1.1413","PSt7-10","180509-029","9/13/2019 10:47:01 AM","0000-00","0","no battery","V"
"08/17/2021","10:04:11","10","default","328281339","OXY_CH10","6.185","min","185.214","μmol/L","Humid","21.619","deg","104656","µV","27.890","°C","1015.000","hPa","35.0","pmil","0","55.560","deg","20.000","°C","100.000","%a.s.","22.340","deg","20.000","°C","962.000","hPa","0.861","-0.02617","0.00035","0","0","13.56","Humid","31.50","0","54.10","281234.91","SABD0002000014","AAV2.0.0.13","3.0.1.1413","PSt7-10","180509-029","9/13/2019 10:47:01 AM","0000-00","0","no battery","V"
"08/17/2021","10:04:12","10","default","328281339","OXY_CH10","6.202","min","185.196","μmol/L","Humid","21.618","deg","104646","µV","27.897","°C","1015.000","hPa","35.0","pmil","0","55.560","deg","20.000","°C","100.000","%a.s.","22.340","deg","20.000","°C","962.000","hPa","0.861","-0.02617","0.00035","0","0","13.56","Humid","31.50","0","54.10","281225.99","SABD0002000014","AAV2.0.0.13","3.0.1.1413","PSt7-10","180509-029","9/13/2019 10:47:01 AM","0000-00","0","no battery","V"
"08/17/2021","10:04:13","10","default","328281339","OXY_CH10","6.219","min","185.180","μmol/L","Humid","21.619","deg","104651","µV","27.897","°C","1015.000","hPa","35.0","pmil","0","55.560","deg","20.000","°C","100.000","%a.s.","22.340","deg","20.000","°C","962.000","hPa","0.861","-0.02617","0.00035","0","0","13.56","Humid","31.50","0","54.10","281247.82","SABD0002000014","AAV2.0.0.13","3.0.1.1413","PSt7-10","180509-029","9/13/2019 10:47:01 AM","0000-00","0","no battery","V"
"08/17/2021","10:04:14","10","default","328281339","OXY_CH10","6.235","min","185.230","μmol/L","Humid","21.618","deg","104641","µV","27.890","°C","1015.000","hPa","35.0","pmil","0","55.560","deg","20.000","°C","100.000","%a.s.","22.340","deg","20.000","°C","962.000","hPa","0.861","-0.02617","0.00035","0","0","13.56","Humid","31.50","0","54.10","281236.14","SABD0002000014","AAV2.0.0.13","3.0.1.1413","PSt7-10","180509-029","9/13/2019 10:47:01 AM","0000-00","0","no battery","V"
"08/17/2021","10:04:15","10","default","328281339","OXY_CH10","6.252","min","185.277","μmol/L","Humid","21.613","deg","104631","µV","27.897","°C","1015.000","hPa","35.0","pmil","0","55.560","deg","20.000","°C","100.000","%a.s.","22.340","deg","20.000","°C","962.000","hPa","0.861","-0.02617","0.00035","0","0","13.56","Humid","31.50","0","54.10","281230.46","SABD0002000014","AAV2.0.0.13","3.0.1.1413","PSt7-10","180509-029","9/13/2019 10:47:01 AM","0000-00","0","no battery","V"
"08/17/2021","10:04:16","10","default","328281339","OXY_CH10","6.269","min","185.196","μmol/L","Humid","21.618","deg","104628","µV","27.897","°C","1015.000","hPa","35.0","pmil","0","55.560","deg","20.000","°C","100.000","%a.s.","22.340","deg","20.000","°C","962.000","hPa","0.861","-0.02617","0.00035","0","0","13.56","Humid","31.50","0","54.10","281231.68","SABD0002000014","AAV2.0.0.13","3.0.1.1413","PSt7-10","180509-029","9/13/2019 10:47:01 AM","0000-00","0","no battery","V"
"08/17/2021","10:04:17","10","default","328281339","OXY_CH10","6.286","min","185.196","μmol/L","Humid","21.618","deg","104626","µV","27.897","°C","1015.000","hPa","35.0","pmil","0","55.560","deg","20.000","°C","100.000","%a.s.","22.340","deg","20.000","°C","962.000","hPa","0.861","-0.02617","0.00035","0","0","13.56","Humid","31.50","0","54.10","281227.97","SABD0002000014","AAV2.0.0.13","3.0.1.1413","PSt7-10","180509-029","9/13/2019 10:47:01 AM","0000-00","0","no battery","V"
"08/17/2021","10:04:18","10","default","328281339","OXY_CH10","6.302","min","185.279","μmol/L","Humid","21.615","deg","104620","µV","27.890","°C","1015.000","hPa","35.0","pmil","0","55.560","deg","20.000","°C","100.000","%a.s.","22.340","deg","20.000","°C","962.000","hPa","0.861","-0.02617","0.00035","0","0","13.56","Humid","31.50","0","54.10","281230.35","SABD0002000014","AAV2.0.0.13","3.0.1.1413","PSt7-10","180509-029","9/13/2019 10:47:01 AM","0000-00","0","no battery","V"
"08/17/2021","10:04:19","10","default","328281339","OXY_CH10","6.319","min","185.245","μmol/L","Humid","21.615","deg","104619","µV","27.897","°C","1015.000","hPa","35.0","pmil","0","55.560","deg","20.000","°C","100.000","%a.s.","22.340","deg","20.000","°C","962.000","hPa","0.861","-0.02617","0.00035","0","0","13.56","Humid","31.50","0","54.10","281230.17","SABD0002000014","AAV2.0.0.13","3.0.1.1413","PSt7-10","180509-029","9/13/2019 10:47:01 AM","0000-00","0","no battery","V"
"08/17/2021","10:04:20","10","default","328281339","OXY_CH10","6.336","min","185.245","μmol/L","Humid","21.615","deg","104621","µV","27.897","°C","1015.000","hPa","35.0","pmil","0","55.560","deg","20.000","°C","100.000","%a.s.","22.340","deg","20.000","°C","962.000","hPa","0.861","-0.02617","0.00035","0","0","13.56","Humid","31.50","0","54.10","281231.46","SABD0002000014","AAV2.0.0.13","3.0.1.1413","PSt7-10","180509-029","9/13/2019 10:47:01 AM","0000-00","0","no battery","V"
"08/17/2021","10:04:21","10","default","328281339","OXY_CH10","6.352","min","185.227","μmol/L","Humid","21.614","deg","104616","µV","27.903","°C","1015.000","hPa","35.0","pmil","0","55.560","deg","20.000","°C","100.000","%a.s.","22.340","deg","20.000","°C","962.000","hPa","0.861","-0.02617","0.00035","0","0","13.56","Humid","31.50","0","54.10","281230.70","SABD0002000014","AAV2.0.0.13","3.0.1.1413","PSt7-10","180509-029","9/13/2019 10:47:01 AM","0000-00","0","no battery","V"
"08/17/2021","10:04:22","10","default","328281339","OXY_CH10","6.369","min","185.227","μmol/L","Humid","21.614","deg","104606","µV","27.903","°C","1015.000","hPa","35.0","pmil","0","55.560","deg","20.000","°C","100.000","%a.s.","22.340","deg","20.000","°C","962.000","hPa","0.861","-0.02617","0.00035","0","0","13.56","Humid","31.50","0","54.10","281224.03","SABD0002000014","AAV2.0.0.13","3.0.1.1413","PSt7-10","180509-029","9/13/2019 10:47:01 AM","0000-00","0","no battery","V"
"08/17/2021","10:04:23","10","default","328281339","OXY_CH10","6.386","min","185.308","μmol/L","Humid","21.609","deg","104611","µV","27.903","°C","1015.000","hPa","35.0","pmil","0","55.560","deg","20.000","°C","100.000","%a.s.","22.340","deg","20.000","°C","962.000","hPa","0.861","-0.02617","0.00035","0","0","13.56","Humid","31.50","0","54.10","281223.41","SABD0002000014","AAV2.0.0.13","3.0.1.1413","PSt7-10","180509-029","9/13/2019 10:47:01 AM","0000-00","0","no battery","V"
"08/17/2021","10:04:24","10","default","328281339","OXY_CH10","6.403","min","185.291","μmol/L","Humid","21.610","deg","104609","µV","27.903","°C","1015.000","hPa","35.0","pmil","0","55.560","deg","20.000","°C","100.000","%a.s.","22.340","deg","20.000","°C","962.000","hPa","0.861","-0.02617","0.00035","0","0","13.56","Humid","31.50","0","54.10","281225.61","SABD0002000014","AAV2.0.0.13","3.0.1.1413","PSt7-10","180509-029","9/13/2019 10:47:01 AM","0000-00","0","no battery","V"
"08/17/2021","10:04:25","10","default","328281339","OXY_CH10","6.419","min","185.342","μmol/L","Humid","21.609","deg","104601","µV","27.897","°C","1015.000","hPa","35.0","pmil","0","55.560","deg","20.000","°C","100.000","%a.s.","22.340","deg","20.000","°C","962.000","hPa","0.861","-0.02617","0.00035","0","0","13.56","Humid","31.50","0","54.10","281230.34","SABD0002000014","AAV2.0.0.13","3.0.1.1413","PSt7-10","180509-029","9/13/2019 10:47:01 AM","0000-00","0","no battery","V"
"08/17/2021","10:04:26","10","default","328281339","OXY_CH10","6.436","min","185.259","μmol/L","Humid","21.612","deg","104591","µV","27.903","°C","1015.000","hPa","35.0","pmil","0","55.560","deg","20.000","°C","100.000","%a.s.","22.340","deg","20.000","°C","962.000","hPa","0.861","-0.02617","0.00035","0","0","13.56","Humid","31.50","0","54.10","281231.63","SABD0002000014","AAV2.0.0.13","3.0.1.1413","PSt7-10","180509-029","9/13/2019 10:47:01 AM","0000-00","0","no battery","V"
"08/17/2021","10:04:27","10","default","328281339","OXY_CH10","6.452","min","185.290","μmol/L","Humid","21.608","deg","104592","µV","27.909","°C","1015.000","hPa","35.0","pmil","0","55.560","deg","20.000","°C","100.000","%a.s.","22.340","deg","20.000","°C","962.000","hPa","0.861","-0.02617","0.00035","0","0","13.56","Humid","31.50","0","54.10","281226.74","SABD0002000014","AAV2.0.0.13","3.0.1.1413","PSt7-10","180509-029","9/13/2019 10:47:01 AM","0000-00","0","no battery","V"
"08/17/2021","10:04:28","10","default","328281339","OXY_CH10","6.469","min","185.308","μmol/L","Humid","21.609","deg","104582","µV","27.903","°C","1015.000","hPa","35.0","pmil","0","55.560","deg","20.000","°C","100.000","%a.s.","22.340","deg","20.000","°C","962.000","hPa","0.861","-0.02617","0.00035","0","0","13.56","Humid","31.50","0","54.10","281208.74","SABD0002000014","AAV2.0.0.13","3.0.1.1413","PSt7-10","180509-029","9/13/2019 10:47:01 AM","0000-00","0","no battery","V"
"08/17/2021","10:04:29","10","default","328281339","OXY_CH10","6.486","min","185.390","μmol/L","Humid","21.606","deg","104588","µV","27.897","°C","1015.000","hPa","35.0","pmil","0","55.560","deg","20.000","°C","100.000","%a.s.","22.340","deg","20.000","°C","962.000","hPa","0.861","-0.02617","0.00035","0","0","13.56","Humid","31.50","0","54.10","281225.59","SABD0002000014","AAV2.0.0.13","3.0.1.1413","PSt7-10","180509-029","9/13/2019 10:47:01 AM","0000-00","0","no battery","V"
"08/17/2021","10:04:30","10","default","328281339","OXY_CH10","6.502","min","185.325","μmol/L","Humid","21.610","deg","104588","µV","27.897","°C","1015.000","hPa","35.0","pmil","0","55.560","deg","20.000","°C","100.000","%a.s.","22.340","deg","20.000","°C","962.000","hPa","0.861","-0.02617","0.00035","0","0","13.56","Humid","31.50","0","54.10","281220.16","SABD0002000014","AAV2.0.0.13","3.0.1.1413","PSt7-10","180509-029","9/13/2019 10:47:01 AM","0000-00","0","no battery","V"
"08/17/2021","10:04:31","10","default","328281339","OXY_CH10","6.519","min","185.389","μmol/L","Humid","21.604","deg","104580","µV","27.903","°C","1015.000","hPa","35.0","pmil","0","55.560","deg","20.000","°C","100.000","%a.s.","22.340","deg","20.000","°C","962.000","hPa","0.861","-0.02617","0.00035","0","0","13.56","Humid","31.50","0","54.10","281220.02","SABD0002000014","AAV2.0.0.13","3.0.1.1413","PSt7-10","180509-029","9/13/2019 10:47:01 AM","0000-00","0","no battery","V"
"08/17/2021","10:04:32","10","default","328281339","OXY_CH10","6.536","min","185.423","μmol/L","Humid","21.604","deg","104584","µV","27.897","°C","1015.000","hPa","35.0","pmil","0","55.560","deg","20.000","°C","100.000","%a.s.","22.340","deg","20.000","°C","962.000","hPa","0.861","-0.02617","0.00035","0","0","13.56","Humid","31.50","0","54.10","281225.10","SABD0002000014","AAV2.0.0.13","3.0.1.1413","PSt7-10","180509-029","9/13/2019 10:47:01 AM","0000-00","0","no battery","V"
"08/17/2021","10:04:33","10","default","328281339","OXY_CH10","6.552","min","185.340","μmol/L","Humid","21.607","deg","104572","µV","27.903","°C","1015.000","hPa","35.0","pmil","0","55.560","deg","20.000","°C","100.000","%a.s.","22.340","deg","20.000","°C","962.000","hPa","0.861","-0.02617","0.00035","0","0","13.56","Humid","31.50","0","54.10","281215.45","SABD0002000014","AAV2.0.0.13","3.0.1.1413","PSt7-10","180509-029","9/13/2019 10:47:01 AM","0000-00","0","no battery","V"
"08/17/2021","10:04:34","10","default","328281339","OXY_CH10","6.569","min","185.389","μmol/L","Humid","21.604","deg","104575","µV","27.903","°C","1015.000","hPa","35.0","pmil","0","55.560","deg","20.000","°C","100.000","%a.s.","22.340","deg","20.000","°C","962.000","hPa","0.861","-0.02617","0.00035","0","0","13.56","Humid","31.50","0","54.10","281208.09","SABD0002000014","AAV2.0.0.13","3.0.1.1413","PSt7-10","180509-029","9/13/2019 10:47:01 AM","0000-00","0","no battery","V"
"08/17/2021","10:04:35","10","default","328281339","OXY_CH10","6.586","min","185.390","μmol/L","Humid","21.606","deg","104563","µV","27.897","°C","1015.000","hPa","35.0","pmil","0","55.560","deg","20.000","°C","100.000","%a.s.","22.340","deg","20.000","°C","962.000","hPa","0.861","-0.02617","0.00035","0","0","13.56","Humid","31.50","0","54.10","281213.00","SABD0002000014","AAV2.0.0.13","3.0.1.1413","PSt7-10","180509-029","9/13/2019 10:47:01 AM","0000-00","0","no battery","V"
"08/17/2021","10:04:36","10","default","328281339","OXY_CH10","6.602","min","185.423","μmol/L","Humid","21.604","deg","104562","µV","27.897","°C","1015.000","hPa","35.0","pmil","0","55.560","deg","20.000","°C","100.000","%a.s.","22.340","deg","20.000","°C","962.000","hPa","0.861","-0.02617","0.00035","0","0","13.56","Humid","31.50","0","54.10","281215.14","SABD0002000014","AAV2.0.0.13","3.0.1.1413","PSt7-10","180509-029","9/13/2019 10:47:01 AM","0000-00","0","no battery","V"
"08/17/2021","10:04:37","10","default","328281339","OXY_CH10","6.619","min","185.486","μmol/L","Humid","21.598","deg","104552","µV","27.903","°C","1015.000","hPa","35.0","pmil","0","55.560","deg","20.000","°C","100.000","%a.s.","22.340","deg","20.000","°C","962.000","hPa","0.861","-0.02617","0.00035","0","0","13.56","Humid","31.50","0","54.10","281211.74","SABD0002000014","AAV2.0.0.13","3.0.1.1413","PSt7-10","180509-029","9/13/2019 10:47:01 AM","0000-00","0","no battery","V"
"08/17/2021","10:04:38","10","default","328281339","OXY_CH10","6.636","min","185.421","μmol/L","Humid","21.602","deg","104549","µV","27.903","°C","1015.000","hPa","35.0","pmil","0","55.560","deg","20.000","°C","100.000","%a.s.","22.340","deg","20.000","°C","962.000","hPa","0.861","-0.02617","0.00035","0","0","13.56","Humid","31.50","0","54.10","281211.31","SABD0002000014","AAV2.0.0.13","3.0.1.1413","PSt7-10","180509-029","9/13/2019 10:47:01 AM","0000-00","0","no battery","V"
"08/17/2021","10:04:39","10","default","328281339","OXY_CH10","6.652","min","185.421","μmol/L","Humid","21.602","deg","104552","µV","27.903","°C","1015.000","hPa","35.0","pmil","0","55.560","deg","20.000","°C","100.000","%a.s.","22.340","deg","20.000","°C","962.000","hPa","0.861","-0.02617","0.00035","0","0","13.56","Humid","31.50","0","54.10","281200.39","SABD0002000014","AAV2.0.0.13","3.0.1.1413","PSt7-10","180509-029","9/13/2019 10:47:01 AM","0000-00","0","no battery","V"
"08/17/2021","10:04:40","10","default","328281339","OXY_CH10","6.669","min","185.452","μmol/L","Humid","21.598","deg","104541","µV","27.909","°C","1015.000","hPa","35.0","pmil","0","55.560","deg","20.000","°C","100.000","%a.s.","22.340","deg","20.000","°C","962.000","hPa","0.861","-0.02617","0.00035","0","0","13.56","Humid","31.50","0","54.10","281202.92","SABD0002000014","AAV2.0.0.13","3.0.1.1413","PSt7-10","180509-029","9/13/2019 10:47:01 AM","0000-00","0","no battery","V"
"08/17/2021","10:04:41","10","default","328281339","OXY_CH10","6.685","min","185.468","μmol/L","Humid","21.597","deg","104536","µV","27.909","°C","1015.000","hPa","35.0","pmil","0","55.560","deg","20.000","°C","100.000","%a.s.","22.340","deg","20.000","°C","962.000","hPa","0.861","-0.02617","0.00035","0","0","13.56","Humid","31.50","0","54.10","281201.57","SABD0002000014","AAV2.0.0.13","3.0.1.1413","PSt7-10","180509-029","9/13/2019 10:47:01 AM","0000-00","0","no battery","V"
"08/17/2021","10:04:42","10","default","328281339","OXY_CH10","6.702","min","185.567","μmol/L","Humid","21.593","deg","104527","µV","27.903","°C","1015.000","hPa","35.0","pmil","0","55.560","deg","20.000","°C","100.000","%a.s.","22.340","deg","20.000","°C","962.000","hPa","0.861","-0.02617","0.00035","0","0","13.56","Humid","31.50","0","54.10","281203.31","SABD0002000014","AAV2.0.0.13","3.0.1.1413","PSt7-10","180509-029","9/13/2019 10:47:01 AM","0000-00","0","no battery","V"
"08/17/2021","10:04:43","10","default","328281339","OXY_CH10","6.719","min","185.470","μmol/L","Humid","21.599","deg","104536","µV","27.903","°C","1015.000","hPa","35.0","pmil","0","55.560","deg","20.000","°C","100.000","%a.s.","22.340","deg","20.000","°C","962.000","hPa","0.861","-0.02617","0.00035","0","0","13.56","Humid","31.50","0","54.10","281197.99","SABD0002000014","AAV2.0.0.13","3.0.1.1413","PSt7-10","180509-029","9/13/2019 10:47:01 AM","0000-00","0","no battery","V"
"08/17/2021","10:04:44","10","default","328281339","OXY_CH10","6.735","min","185.369","μmol/L","Humid","21.601","deg","104536","µV","27.915","°C","1015.000","hPa","35.0","pmil","0","55.560","deg","20.000","°C","100.000","%a.s.","22.340","deg","20.000","°C","962.000","hPa","0.861","-0.02617","0.00035","0","0","13.56","Humid","31.50","0","54.10","281190.12","SABD0002000014","AAV2.0.0.13","3.0.1.1413","PSt7-10","180509-029","9/13/2019 10:47:01 AM","0000-00","0","no battery","V"
"08/17/2021","10:04:45","10","default","328281339","OXY_CH10","6.752","min","185.486","μmol/L","Humid","21.598","deg","104531","µV","27.903","°C","1015.000","hPa","35.0","pmil","0","55.560","deg","20.000","°C","100.000","%a.s.","22.340","deg","20.000","°C","962.000","hPa","0.861","-0.02617","0.00035","0","0","13.56","Humid","31.50","0","54.10","281209.83","SABD0002000014","AAV2.0.0.13","3.0.1.1413","PSt7-10","180509-029","9/13/2019 10:47:01 AM","0000-00","0","no battery","V"
"08/17/2021","10:04:46","10","default","328281339","OXY_CH10","6.769","min","185.468","μmol/L","Humid","21.597","deg","104520","µV","27.909","°C","1015.000","hPa","35.0","pmil","0","55.560","deg","20.000","°C","100.000","%a.s.","22.340","deg","20.000","°C","962.000","hPa","0.861","-0.02617","0.00035","0","0","13.56","Humid","31.50","0","54.10","281204.40","SABD0002000014","AAV2.0.0.13","3.0.1.1413","PSt7-10","180509-029","9/13/2019 10:47:01 AM","0000-00","0","no battery","V"
"08/17/2021","10:04:47","10","default","328281339","OXY_CH10","6.786","min","185.517","μmol/L","Humid","21.594","deg","104513","µV","27.909","°C","1015.000","hPa","35.0","pmil","0","55.560","deg","20.000","°C","100.000","%a.s.","22.340","deg","20.000","°C","962.000","hPa","0.861","-0.02617","0.00035","0","0","13.56","Humid","31.50","0","54.10","281206.69","SABD0002000014","AAV2.0.0.13","3.0.1.1413","PSt7-10","180509-029","9/13/2019 10:47:01 AM","0000-00","0","no battery","V"
"08/17/2021","10:04:48","10","default","328281339","OXY_CH10","6.802","min","185.500","μmol/L","Humid","21.595","deg","104508","µV","27.909","°C","1015.000","hPa","35.0","pmil","0","55.560","deg","20.000","°C","100.000","%a.s.","22.340","deg","20.000","°C","962.000","hPa","0.861","-0.02617","0.00035","0","0","13.56","Humid","31.50","0","54.10","281202.75","SABD0002000014","AAV2.0.0.13","3.0.1.1413","PSt7-10","180509-029","9/13/2019 10:47:01 AM","0000-00","0","no battery","V"
"08/17/2021","10:04:49","10","default","328281339","OXY_CH10","6.819","min","185.614","μmol/L","Humid","21.588","deg","104502","µV","27.909","°C","1015.000","hPa","35.0","pmil","0","55.560","deg","20.000","°C","100.000","%a.s.","22.340","deg","20.000","°C","962.000","hPa","0.861","-0.02617","0.00035","0","0","13.56","Humid","31.50","0","54.10","281190.14","SABD0002000014","AAV2.0.0.13","3.0.1.1413","PSt7-10","180509-029","9/13/2019 10:47:01 AM","0000-00","0","no battery","V"
"08/17/2021","10:04:50","10","default","328281339","OXY_CH10","6.835","min","185.533","μmol/L","Humid","21.593","deg","104498","µV","27.909","°C","1015.000","hPa","35.0","pmil","0","55.560","deg","20.000","°C","100.000","%a.s.","22.340","deg","20.000","°C","962.000","hPa","0.861","-0.02617","0.00035","0","0","13.56","Humid","31.50","0","54.10","281186.21","SABD0002000014","AAV2.0.0.13","3.0.1.1413","PSt7-10","180509-029","9/13/2019 10:47:01 AM","0000-00","0","no battery","V"
"08/17/2021","10:04:51","10","default","328281339","OXY_CH10","6.852","min","185.583","μmol/L","Humid","21.592","deg","104493","µV","27.903","°C","1015.000","hPa","35.0","pmil","0","55.560","deg","20.000","°C","100.000","%a.s.","22.340","deg","20.000","°C","962.000","hPa","0.861","-0.02617","0.00035","0","0","13.56","Humid","31.50","0","54.10","281192.22","SABD0002000014","AAV2.0.0.13","3.0.1.1413","PSt7-10","180509-029","9/13/2019 10:47:01 AM","0000-00","0","no battery","V"
"08/17/2021","10:04:52","10","default","328281339","OXY_CH10","6.869","min","185.666","μmol/L","Humid","21.589","deg","104488","µV","27.897","°C","1015.000","hPa","35.0","pmil","0","55.560","deg","20.000","°C","100.000","%a.s.","22.340","deg","20.000","°C","962.000","hPa","0.861","-0.02617","0.00035","0","0","13.56","Humid","31.50","0","54.10","281198.59","SABD0002000014","AAV2.0.0.13","3.0.1.1413","PSt7-10","180509-029","9/13/2019 10:47:01 AM","0000-00","0","no battery","V"
"08/17/2021","10:04:53","10","default","328281339","OXY_CH10","6.885","min","185.648","μmol/L","Humid","21.588","deg","104481","µV","27.903","°C","1015.000","hPa","35.0","pmil","0","55.560","deg","20.000","°C","100.000","%a.s.","22.340","deg","20.000","°C","962.000","hPa","0.861","-0.02617","0.00035","0","0","13.56","Humid","31.50","0","54.10","281188.52","SABD0002000014","AAV2.0.0.13","3.0.1.1413","PSt7-10","180509-029","9/13/2019 10:47:01 AM","0000-00","0","no battery","V"
"08/17/2021","10:04:54","10","default","328281339","OXY_CH10","6.902","min","185.646","μmol/L","Humid","21.586","deg","104483","µV","27.909","°C","1015.000","hPa","35.0","pmil","0","55.560","deg","20.000","°C","100.000","%a.s.","22.340","deg","20.000","°C","962.000","hPa","0.861","-0.02617","0.00035","0","0","13.56","Humid","31.50","0","54.10","281188.90","SABD0002000014","AAV2.0.0.13","3.0.1.1413","PSt7-10","180509-029","9/13/2019 10:47:01 AM","0000-00","0","no battery","V"
"08/17/2021","10:04:55","10","default","328281339","OXY_CH10","6.919","min","185.664","μmol/L","Humid","21.587","deg","104469","µV","27.903","°C","1015.000","hPa","35.0","pmil","0","55.560","deg","20.000","°C","100.000","%a.s.","22.340","deg","20.000","°C","962.000","hPa","0.861","-0.02617","0.00035","0","0","13.56","Humid","31.50","0","54.10","281193.94","SABD0002000014","AAV2.0.0.13","3.0.1.1413","PSt7-10","180509-029","9/13/2019 10:47:01 AM","0000-00","0","no battery","V"
"08/17/2021","10:04:56","10","default","328281339","OXY_CH10","6.936","min","185.664","μmol/L","Humid","21.587","deg","104472","µV","27.903","°C","1015.000","hPa","35.0","pmil","0","55.560","deg","20.000","°C","100.000","%a.s.","22.340","deg","20.000","°C","962.000","hPa","0.861","-0.02617","0.00035","0","0","13.56","Humid","31.50","0","54.10","281197.32","SABD0002000014","AAV2.0.0.13","3.0.1.1413","PSt7-10","180509-029","9/13/2019 10:47:01 AM","0000-00","0","no battery","V"
"08/17/2021","10:04:57","10","default","328281339","OXY_CH10","6.952","min","185.596","μmol/L","Humid","21.587","deg","104462","µV","27.915","°C","1015.000","hPa","35.0","pmil","0","55.560","deg","20.000","°C","100.000","%a.s.","22.340","deg","20.000","°C","962.000","hPa","0.861","-0.02617","0.00035","0","0","13.56","Humid","31.50","0","54.10","281187.16","SABD0002000014","AAV2.0.0.13","3.0.1.1413","PSt7-10","180509-029","9/13/2019 10:47:01 AM","0000-00","0","no battery","V"
"08/17/2021","10:04:58","10","default","328281339","OXY_CH10","6.969","min","185.695","μmol/L","Humid","21.583","deg","104462","µV","27.909","°C","1015.000","hPa","35.0","pmil","0","55.560","deg","20.000","°C","100.000","%a.s.","22.340","deg","20.000","°C","962.000","hPa","0.861","-0.02617","0.00035","0","0","13.56","Humid","31.50","0","54.10","281189.62","SABD0002000014","AAV2.0.0.13","3.0.1.1413","PSt7-10","180509-029","9/13/2019 10:47:01 AM","0000-00","0","no battery","V"
"08/17/2021","10:04:59","10","default","328281339","OXY_CH10","6.985","min","185.711","μmol/L","Humid","21.582","deg","104456","µV","27.909","°C","1015.000","hPa","35.0","pmil","0","55.560","deg","20.000","°C","100.000","%a.s.","22.340","deg","20.000","°C","962.000","hPa","0.861","-0.02617","0.00035","0","0","13.56","Humid","31.50","0","54.10","281176.34","SABD0002000014","AAV2.0.0.13","3.0.1.1413","PSt7-10","180509-029","9/13/2019 10:47:01 AM","0000-00","0","no battery","V"
"08/17/2021","10:05:00","10","default","328281339","OXY_CH10","7.002","min","185.681","μmol/L","Humid","21.586","deg","104454","µV","27.903","°C","1015.000","hPa","35.0","pmil","0","55.560","deg","20.000","°C","100.000","%a.s.","22.340","deg","20.000","°C","962.000","hPa","0.861","-0.02617","0.00035","0","0","13.56","Humid","31.50","0","54.10","281179.01","SABD0002000014","AAV2.0.0.13","3.0.1.1413","PSt7-10","180509-029","9/13/2019 10:47:01 AM","0000-00","0","no battery","V"
"08/17/2021","10:05:01","10","default","328281339","OXY_CH10","7.019","min","185.663","μmol/L","Humid","21.585","deg","104453","µV","27.909","°C","1015.000","hPa","35.0","pmil","0","55.560","deg","20.000","°C","100.000","%a.s.","22.340","deg","20.000","°C","962.000","hPa","0.861","-0.02617","0.00035","0","0","13.56","Humid","31.50","0","54.10","281185.35","SABD0002000014","AAV2.0.0.13","3.0.1.1413","PSt7-10","180509-029","9/13/2019 10:47:01 AM","0000-00","0","no battery","V"
"08/17/2021","10:05:02","10","default","328281339","OXY_CH10","7.035","min","185.745","μmol/L","Humid","21.582","deg","104448","µV","27.903","°C","1015.000","hPa","35.0","pmil","0","55.560","deg","20.000","°C","100.000","%a.s.","22.340","deg","20.000","°C","962.000","hPa","0.861","-0.02617","0.00035","0","0","13.56","Humid","31.50","0","54.10","281184.03","SABD0002000014","AAV2.0.0.13","3.0.1.1413","PSt7-10","180509-029","9/13/2019 10:47:01 AM","0000-00","0","no battery","V"
"08/17/2021","10:05:03","10","default","328281339","OXY_CH10","7.052","min","185.661","μmol/L","Humid","21.583","deg","104444","µV","27.915","°C","1015.000","hPa","35.0","pmil","0","55.560","deg","20.000","°C","100.000","%a.s.","22.340","deg","20.000","°C","962.000","hPa","0.861","-0.02617","0.00035","0","0","13.56","Humid","31.50","0","54.10","281179.43","SABD0002000014","AAV2.0.0.13","3.0.1.1413","PSt7-10","180509-029","9/13/2019 10:47:01 AM","0000-00","0","no battery","V"
"08/17/2021","10:05:04","10","default","328281339","OXY_CH10","7.069","min","185.726","μmol/L","Humid","21.579","deg","104440","µV","27.915","°C","1015.000","hPa","35.0","pmil","0","55.560","deg","20.000","°C","100.000","%a.s.","22.340","deg","20.000","°C","962.000","hPa","0.861","-0.02617","0.00035","0","0","13.56","Humid","31.50","0","54.10","281181.84","SABD0002000014","AAV2.0.0.13","3.0.1.1413","PSt7-10","180509-029","9/13/2019 10:47:01 AM","0000-00","0","no battery","V"
"08/17/2021","10:05:05","10","default","328281339","OXY_CH10","7.085","min","185.694","μmol/L","Humid","21.581","deg","104431","µV","27.915","°C","1015.000","hPa","35.0","pmil","0","55.560","deg","20.000","°C","100.000","%a.s.","22.340","deg","20.000","°C","962.000","hPa","0.861","-0.02617","0.00035","0","0","13.56","Humid","31.50","0","54.10","281181.10","SABD0002000014","AAV2.0.0.13","3.0.1.1413","PSt7-10","180509-029","9/13/2019 10:47:01 AM","0000-00","0","no battery","V"
"08/17/2021","10:05:06","10","default","328281339","OXY_CH10","7.102","min","185.778","μmol/L","Humid","21.580","deg","104429","µV","27.903","°C","1015.000","hPa","35.0","pmil","0","55.560","deg","20.000","°C","100.000","%a.s.","22.340","deg","20.000","°C","962.000","hPa","0.861","-0.02617","0.00035","0","0","13.56","Humid","31.50","0","54.10","281165.09","SABD0002000014","AAV2.0.0.13","3.0.1.1413","PSt7-10","180509-029","9/13/2019 10:47:01 AM","0000-00","0","no battery","V"
"08/17/2021","10:05:07","10","default","328281339","OXY_CH10","7.119","min","185.776","μmol/L","Humid","21.578","deg","104421","µV","27.909","°C","1015.000","hPa","35.0","pmil","0","55.560","deg","20.000","°C","100.000","%a.s.","22.340","deg","20.000","°C","962.000","hPa","0.861","-0.02617","0.00035","0","0","13.56","Humid","31.50","0","54.10","281177.46","SABD0002000014","AAV2.0.0.13","3.0.1.1413","PSt7-10","180509-029","9/13/2019 10:47:01 AM","0000-00","0","no battery","V"
"08/17/2021","10:05:08","10","default","328281339","OXY_CH10","7.135","min","185.694","μmol/L","Humid","21.581","deg","104423","µV","27.915","°C","1015.000","hPa","35.0","pmil","0","55.560","deg","20.000","°C","100.000","%a.s.","22.340","deg","20.000","°C","962.000","hPa","0.861","-0.02617","0.00035","0","0","13.56","Humid","31.50","0","54.10","281176.84","SABD0002000014","AAV2.0.0.13","3.0.1.1413","PSt7-10","180509-029","9/13/2019 10:47:01 AM","0000-00","0","no battery","V"
"08/17/2021","10:05:09","10","default","328281339","OXY_CH10","7.152","min","185.841","μmol/L","Humid","21.574","deg","104427","µV","27.909","°C","1015.000","hPa","35.0","pmil","0","55.560","deg","20.000","°C","100.000","%a.s.","22.340","deg","20.000","°C","962.000","hPa","0.861","-0.02617","0.00035","0","0","13.56","Humid","31.50","0","54.10","281176.81","SABD0002000014","AAV2.0.0.13","3.0.1.1413","PSt7-10","180509-029","9/13/2019 10:47:01 AM","0000-00","0","no battery","V"
"08/17/2021","10:05:10","10","default","328281339","OXY_CH10","7.169","min","185.760","μmol/L","Humid","21.579","deg","104421","µV","27.909","°C","1015.000","hPa","35.0","pmil","0","55.560","deg","20.000","°C","100.000","%a.s.","22.340","deg","20.000","°C","962.000","hPa","0.861","-0.02617","0.00035","0","0","13.56","Humid","31.50","0","54.10","281169.89","SABD0002000014","AAV2.0.0.13","3.0.1.1413","PSt7-10","180509-029","9/13/2019 10:47:01 AM","0000-00","0","no battery","V"
"08/17/2021","10:05:11","10","default","328281339","OXY_CH10","7.185","min","185.728","μmol/L","Humid","21.581","deg","104424","µV","27.909","°C","1015.000","hPa","35.0","pmil","0","55.560","deg","20.000","°C","100.000","%a.s.","22.340","deg","20.000","°C","962.000","hPa","0.861","-0.02617","0.00035","0","0","13.56","Humid","31.50","0","54.10","281167.26","SABD0002000014","AAV2.0.0.13","3.0.1.1413","PSt7-10","180509-029","9/13/2019 10:47:01 AM","0000-00","0","no battery","V"
"08/17/2021","10:05:12","10","default","328281339","OXY_CH10","7.202","min","185.825","μmol/L","Humid","21.575","deg","104414","µV","27.909","°C","1015.000","hPa","35.0","pmil","0","55.560","deg","20.000","°C","100.000","%a.s.","22.340","deg","20.000","°C","962.000","hPa","0.861","-0.02617","0.00035","0","0","13.56","Humid","31.50","0","54.10","281171.29","SABD0002000014","AAV2.0.0.13","3.0.1.1413","PSt7-10","180509-029","9/13/2019 10:47:01 AM","0000-00","0","no battery","V"
"08/17/2021","10:05:13","10","default","328281339","OXY_CH10","7.218","min","185.791","μmol/L","Humid","21.575","deg","104410","µV","27.915","°C","1015.000","hPa","35.0","pmil","0","55.560","deg","20.000","°C","100.000","%a.s.","22.340","deg","20.000","°C","962.000","hPa","0.861","-0.02617","0.00035","0","0","13.56","Humid","31.50","0","54.10","281174.32","SABD0002000014","AAV2.0.0.13","3.0.1.1413","PSt7-10","180509-029","9/13/2019 10:47:01 AM","0000-00","0","no battery","V"
"08/17/2021","10:05:14","10","default","328281339","OXY_CH10","7.235","min","185.775","μmol/L","Humid","21.576","deg","104406","µV","27.915","°C","1015.000","hPa","35.0","pmil","0","55.560","deg","20.000","°C","100.000","%a.s.","22.340","deg","20.000","°C","962.000","hPa","0.861","-0.02617","0.00035","0","0","13.56","Humid","31.50","0","54.10","281162.97","SABD0002000014","AAV2.0.0.13","3.0.1.1413","PSt7-10","180509-029","9/13/2019 10:47:01 AM","0000-00","0","no battery","V"
"08/17/2021","10:05:15","10","default","328281339","OXY_CH10","7.252","min","185.724","μmol/L","Humid","21.577","deg","104397","µV","27.921","°C","1015.000","hPa","35.0","pmil","0","55.560","deg","20.000","°C","100.000","%a.s.","22.340","deg","20.000","°C","962.000","hPa","0.861","-0.02617","0.00035","0","0","13.56","Humid","31.50","0","54.10","281173.24","SABD0002000014","AAV2.0.0.13","3.0.1.1413","PSt7-10","180509-029","9/13/2019 10:47:01 AM","0000-00","0","no battery","V"
"08/17/2021","10:05:16","10","default","328281339","OXY_CH10","7.268","min","185.809","μmol/L","Humid","21.576","deg","104396","µV","27.909","°C","1015.000","hPa","35.0","pmil","0","55.560","deg","20.000","°C","100.000","%a.s.","22.340","deg","20.000","°C","962.000","hPa","0.861","-0.02617","0.00035","0","0","13.56","Humid","31.50","0","54.10","281158.65","SABD0002000014","AAV2.0.0.13","3.0.1.1413","PSt7-10","180509-029","9/13/2019 10:47:01 AM","0000-00","0","no battery","V"
"08/17/2021","10:05:17","10","default","328281339","OXY_CH10","7.285","min","185.823","μmol/L","Humid","21.573","deg","104392","µV","27.915","°C","1015.000","hPa","35.0","pmil","0","55.560","deg","20.000","°C","100.000","%a.s.","22.340","deg","20.000","°C","962.000","hPa","0.861","-0.02617","0.00035","0","0","13.56","Humid","31.50","0","54.10","281162.94","SABD0002000014","AAV2.0.0.13","3.0.1.1413","PSt7-10","180509-029","9/13/2019 10:47:01 AM","0000-00","0","no battery","V"
"08/17/2021","10:05:18","10","default","328281339","OXY_CH10","7.302","min","185.822","μmol/L","Humid","21.571","deg","104381","µV","27.921","°C","1015.000","hPa","35.0","pmil","0","55.560","deg","20.000","°C","100.000","%a.s.","22.340","deg","20.000","°C","962.000","hPa","0.861","-0.02617","0.00035","0","0","13.56","Humid","31.50","0","54.10","281163.12","SABD0002000014","AAV2.0.0.13","3.0.1.1413","PSt7-10","180509-029","9/13/2019 10:47:01 AM","0000-00","0","no battery","V"
"08/17/2021","10:05:19","10","default","328281339","OXY_CH10","7.318","min","185.806","μmol/L","Humid","21.572","deg","104382","µV","27.921","°C","1015.000","hPa","35.0","pmil","0","55.560","deg","20.000","°C","100.000","%a.s.","22.340","deg","20.000","°C","962.000","hPa","0.861","-0.02617","0.00035","0","0","13.56","Humid","31.50","0","54.10","281161.70","SABD0002000014","AAV2.0.0.13","3.0.1.1413","PSt7-10","180509-029","9/13/2019 10:47:01 AM","0000-00","0","no battery","V"
"08/17/2021","10:05:20","10","default","328281339","OXY_CH10","7.335","min","185.840","μmol/L","Humid","21.572","deg","104379","µV","27.915","°C","1015.000","hPa","35.0","pmil","0","55.560","deg","20.000","°C","100.000","%a.s.","22.340","deg","20.000","°C","962.000","hPa","0.861","-0.02617","0.00035","0","0","13.56","Humid","31.50","0","54.10","281151.78","SABD0002000014","AAV2.0.0.13","3.0.1.1413","PSt7-10","180509-029","9/13/2019 10:47:01 AM","0000-00","0","no battery","V"
"08/17/2021","10:05:21","10","default","328281339","OXY_CH10","7.352","min","185.872","μmol/L","Humid","21.570","deg","104379","µV","27.915","°C","1015.000","hPa","35.0","pmil","0","55.560","deg","20.000","°C","100.000","%a.s.","22.340","deg","20.000","°C","962.000","hPa","0.861","-0.02617","0.00035","0","0","13.56","Humid","31.50","0","54.10","281153.07","SABD0002000014","AAV2.0.0.13","3.0.1.1413","PSt7-10","180509-029","9/13/2019 10:47:01 AM","0000-00","0","no battery","V"
"08/17/2021","10:05:22","10","default","328281339","OXY_CH10","7.369","min","185.923","μmol/L","Humid","21.569","deg","104374","µV","27.909","°C","1015.000","hPa","35.0","pmil","0","55.560","deg","20.000","°C","100.000","%a.s.","22.340","deg","20.000","°C","962.000","hPa","0.861","-0.02617","0.00035","0","0","13.56","Humid","31.50","0","54.10","281157.08","SABD0002000014","AAV2.0.0.13","3.0.1.1413","PSt7-10","180509-029","9/13/2019 10:47:01 AM","0000-00","0","no battery","V"
"08/17/2021","10:05:23","10","default","328281339","OXY_CH10","7.386","min","185.906","μmol/L","Humid","21.570","deg","104369","µV","27.909","°C","1015.000","hPa","35.0","pmil","0","55.560","deg","20.000","°C","100.000","%a.s.","22.340","deg","20.000","°C","962.000","hPa","0.861","-0.02617","0.00035","0","0","13.56","Humid","31.50","0","54.10","281152.32","SABD0002000014","AAV2.0.0.13","3.0.1.1413","PSt7-10","180509-029","9/13/2019 10:47:01 AM","0000-00","0","no battery","V"
"08/17/2021","10:05:24","10","default","328281339","OXY_CH10","7.403","min","185.854","μmol/L","Humid","21.569","deg","104365","µV","27.921","°C","1015.000","hPa","35.0","pmil","0","55.560","deg","20.000","°C","100.000","%a.s.","22.340","deg","20.000","°C","962.000","hPa","0.861","-0.02617","0.00035","0","0","13.56","Humid","31.50","0","54.10","281167.35","SABD0002000014","AAV2.0.0.13","3.0.1.1413","PSt7-10","180509-029","9/13/2019 10:47:01 AM","0000-00","0","no battery","V"
"08/17/2021","10:05:25","10","default","328281339","OXY_CH10","7.419","min","185.854","μmol/L","Humid","21.569","deg","104366","µV","27.921","°C","1015.000","hPa","35.0","pmil","0","55.560","deg","20.000","°C","100.000","%a.s.","22.340","deg","20.000","°C","962.000","hPa","0.861","-0.02617","0.00035","0","0","13.56","Humid","31.50","0","54.10","281156.27","SABD0002000014","AAV2.0.0.13","3.0.1.1413","PSt7-10","180509-029","9/13/2019 10:47:01 AM","0000-00","0","no battery","V"
"08/17/2021","10:05:26","10","default","328281339","OXY_CH10","7.435","min","185.838","μmol/L","Humid","21.570","deg","104361","µV","27.921","°C","1015.000","hPa","35.0","pmil","0","55.560","deg","20.000","°C","100.000","%a.s.","22.340","deg","20.000","°C","962.000","hPa","0.861","-0.02617","0.00035","0","0","13.56","Humid","31.50","0","54.10","281151.83","SABD0002000014","AAV2.0.0.13","3.0.1.1413","PSt7-10","180509-029","9/13/2019 10:47:01 AM","0000-00","0","no battery","V"
"08/17/2021","10:05:27","10","default","328281339","OXY_CH10","7.452","min","185.936","μmol/L","Humid","21.564","deg","104350","µV","27.921","°C","1015.000","hPa","35.0","pmil","0","55.560","deg","20.000","°C","100.000","%a.s.","22.340","deg","20.000","°C","962.000","hPa","0.861","-0.02617","0.00035","0","0","13.56","Humid","31.50","0","54.10","281163.66","SABD0002000014","AAV2.0.0.13","3.0.1.1413","PSt7-10","180509-029","9/13/2019 10:47:01 AM","0000-00","0","no battery","V"
"08/17/2021","10:05:28","10","default","328281339","OXY_CH10","7.468","min","185.854","μmol/L","Humid","21.569","deg","104349","µV","27.921","°C","1015.000","hPa","35.0","pmil","0","55.560","deg","20.000","°C","100.000","%a.s.","22.340","deg","20.000","°C","962.000","hPa","0.861","-0.02617","0.00035","0","0","13.56","Humid","31.50","0","54.10","281155.03","SABD0002000014","AAV2.0.0.13","3.0.1.1413","PSt7-10","180509-029","9/13/2019 10:47:01 AM","0000-00","0","no battery","V"
"08/17/2021","10:05:29","10","default","328281339","OXY_CH10","7.485","min","185.903","μmol/L","Humid","21.566","deg","104351","µV","27.921","°C","1015.000","hPa","35.0","pmil","0","55.560","deg","20.000","°C","100.000","%a.s.","22.340","deg","20.000","°C","962.000","hPa","0.861","-0.02617","0.00035","0","0","13.56","Humid","31.50","0","54.10","281141.63","SABD0002000014","AAV2.0.0.13","3.0.1.1413","PSt7-10","180509-029","9/13/2019 10:47:01 AM","0000-00","0","no battery","V"
"08/17/2021","10:05:30","10","default","328281339","OXY_CH10","7.502","min","185.936","μmol/L","Humid","21.564","deg","104341","µV","27.921","°C","1015.000","hPa","35.0","pmil","0","55.560","deg","20.000","°C","100.000","%a.s.","22.340","deg","20.000","°C","962.000","hPa","0.861","-0.02617","0.00035","0","0","13.56","Humid","31.50","0","54.10","281149.41","SABD0002000014","AAV2.0.0.13","3.0.1.1413","PSt7-10","180509-029","9/13/2019 10:47:01 AM","0000-00","0","no battery","V"
"08/17/2021","10:05:31","10","default","328281339","OXY_CH10","7.518","min","186.019","μmol/L","Humid","21.561","deg","104334","µV","27.915","°C","1015.000","hPa","35.0","pmil","0","55.560","deg","20.000","°C","100.000","%a.s.","22.340","deg","20.000","°C","962.000","hPa","0.861","-0.02617","0.00035","0","0","13.56","Humid","31.50","0","54.10","281149.95","SABD0002000014","AAV2.0.0.13","3.0.1.1413","PSt7-10","180509-029","9/13/2019 10:47:01 AM","0000-00","0","no battery","V"
"08/17/2021","10:05:32","10","default","328281339","OXY_CH10","7.535","min","185.952","μmol/L","Humid","21.563","deg","104336","µV","27.921","°C","1015.000","hPa","35.0","pmil","0","55.560","deg","20.000","°C","100.000","%a.s.","22.340","deg","20.000","°C","962.000","hPa","0.861","-0.02617","0.00035","0","0","13.56","Humid","31.50","0","54.10","281151.90","SABD0002000014","AAV2.0.0.13","3.0.1.1413","PSt7-10","180509-029","9/13/2019 10:47:01 AM","0000-00","0","no battery","V"
"08/17/2021","10:05:33","10","default","328281339","OXY_CH10","7.552","min","185.950","μmol/L","Humid","21.561","deg","104332","µV","27.927","°C","1015.000","hPa","35.0","pmil","0","55.560","deg","20.000","°C","100.000","%a.s.","22.340","deg","20.000","°C","962.000","hPa","0.861","-0.02617","0.00035","0","0","13.56","Humid","31.50","0","54.10","281146.79","SABD0002000014","AAV2.0.0.13","3.0.1.1413","PSt7-10","180509-029","9/13/2019 10:47:01 AM","0000-00","0","no battery","V"
"08/17/2021","10:05:34","10","default","328281339","OXY_CH10","7.568","min","186.019","μmol/L","Humid","21.561","deg","104333","µV","27.915","°C","1015.000","hPa","35.0","pmil","0","55.560","deg","20.000","°C","100.000","%a.s.","22.340","deg","20.000","°C","962.000","hPa","0.861","-0.02617","0.00035","0","0","13.56","Humid","31.50","0","54.10","281138.35","SABD0002000014","AAV2.0.0.13","3.0.1.1413","PSt7-10","180509-029","9/13/2019 10:47:01 AM","0000-00","0","no battery","V"
"08/17/2021","10:05:35","10","default","328281339","OXY_CH10","7.585","min","186.002","μmol/L","Humid","21.562","deg","104326","µV","27.915","°C","1015.000","hPa","35.0","pmil","0","55.560","deg","20.000","°C","100.000","%a.s.","22.340","deg","20.000","°C","962.000","hPa","0.861","-0.02617","0.00035","0","0","13.56","Humid","31.50","0","54.10","281159.82","SABD0002000014","AAV2.0.0.13","3.0.1.1413","PSt7-10","180509-029","9/13/2019 10:47:01 AM","0000-00","0","no battery","V"
"08/17/2021","10:05:36","10","default","328281339","OXY_CH10","7.602","min","186.001","μmol/L","Humid","21.560","deg","104323","µV","27.921","°C","1015.000","hPa","35.0","pmil","0","55.560","deg","20.000","°C","100.000","%a.s.","22.340","deg","20.000","°C","962.000","hPa","0.861","-0.02617","0.00035","0","0","13.56","Humid","31.50","0","54.10","281151.76","SABD0002000014","AAV2.0.0.13","3.0.1.1413","PSt7-10","180509-029","9/13/2019 10:47:01 AM","0000-00","0","no battery","V"
"08/17/2021","10:05:37","10","default","328281339","OXY_CH10","7.619","min","186.019","μmol/L","Humid","21.561","deg","104327","µV","27.915","°C","1015.000","hPa","35.0","pmil","0","55.560","deg","20.000","°C","100.000","%a.s.","22.340","deg","20.000","°C","962.000","hPa","0.861","-0.02617","0.00035","0","0","13.56","Humid","31.50","0","54.10","281150.93","SABD0002000014","AAV2.0.0.13","3.0.1.1413","PSt7-10","180509-029","9/13/2019 10:47:01 AM","0000-00","0","no battery","V"
"08/17/2021","10:05:38","10","default","328281339","OXY_CH10","7.635","min","186.035","μmol/L","Humid","21.560","deg","104316","µV","27.915","°C","1015.000","hPa","35.0","pmil","0","55.560","deg","20.000","°C","100.000","%a.s.","22.340","deg","20.000","°C","962.000","hPa","0.861","-0.02617","0.00035","0","0","13.56","Humid","31.50","0","54.10","281145.98","SABD0002000014","AAV2.0.0.13","3.0.1.1413","PSt7-10","180509-029","9/13/2019 10:47:01 AM","0000-00","0","no battery","V"
"08/17/2021","10:05:39","10","default","328281339","OXY_CH10","7.652","min","185.965","μmol/L","Humid","21.558","deg","104315","µV","27.933","°C","1015.000","hPa","35.0","pmil","0","55.560","deg","20.000","°C","100.000","%a.s.","22.340","deg","20.000","°C","962.000","hPa","0.861","-0.02617","0.00035","0","0","13.56","Humid","31.50","0","54.10","281143.25","SABD0002000014","AAV2.0.0.13","3.0.1.1413","PSt7-10","180509-029","9/13/2019 10:47:01 AM","0000-00","0","no battery","V"
"08/17/2021","10:05:40","10","default","328281339","OXY_CH10","7.668","min","186.033","μmol/L","Humid","21.558","deg","104310","µV","27.921","°C","1015.000","hPa","35.0","pmil","0","55.560","deg","20.000","°C","100.000","%a.s.","22.340","deg","20.000","°C","962.000","hPa","0.861","-0.02617","0.00035","0","0","13.56","Humid","31.50","0","54.10","281128.56","SABD0002000014","AAV2.0.0.13","3.0.1.1413","PSt7-10","180509-029","9/13/2019 10:47:01 AM","0000-00","0","no battery","V"
"08/17/2021","10:05:41","10","default","328281339","OXY_CH10","7.685","min","186.050","μmol/L","Humid","21.557","deg","104307","µV","27.921","°C","1015.000","hPa","35.0","pmil","0","55.560","deg","20.000","°C","100.000","%a.s.","22.340","deg","20.000","°C","962.000","hPa","0.861","-0.02617","0.00035","0","0","13.56","Humid","31.50","0","54.10","281133.39","SABD0002000014","AAV2.0.0.13","3.0.1.1413","PSt7-10","180509-029","9/13/2019 10:47:01 AM","0000-00","0","no battery","V"
"08/17/2021","10:05:42","10","default","328281339","OXY_CH10","7.702","min","186.066","μmol/L","Humid","21.556","deg","104312","µV","27.921","°C","1015.000","hPa","35.0","pmil","0","55.560","deg","20.000","°C","100.000","%a.s.","22.340","deg","20.000","°C","962.000","hPa","0.861","-0.02617","0.00035","0","0","13.56","Humid","31.50","0","54.10","281156.84","SABD0002000014","AAV2.0.0.13","3.0.1.1413","PSt7-10","180509-029","9/13/2019 10:47:01 AM","0000-00","0","no battery","V"
"08/17/2021","10:05:43","10","default","328281339","OXY_CH10","7.718","min","185.983","μmol/L","Humid","21.559","deg","104305","µV","27.927","°C","1015.000","hPa","35.0","pmil","0","55.560","deg","20.000","°C","100.000","%a.s.","22.340","deg","20.000","°C","962.000","hPa","0.861","-0.02617","0.00035","0","0","13.56","Humid","31.50","0","54.10","281141.24","SABD0002000014","AAV2.0.0.13","3.0.1.1413","PSt7-10","180509-029","9/13/2019 10:47:01 AM","0000-00","0","no battery","V"
"08/17/2021","10:05:44","10","default","328281339","OXY_CH10","7.735","min","186.015","μmol/L","Humid","21.557","deg","104291","µV","27.927","°C","1015.000","hPa","35.0","pmil","0","55.560","deg","20.000","°C","100.000","%a.s.","22.340","deg","20.000","°C","962.000","hPa","0.861","-0.02617","0.00035","0","0","13.56","Humid","31.50","0","54.10","281141.70","SABD0002000014","AAV2.0.0.13","3.0.1.1413","PSt7-10","180509-029","9/13/2019 10:47:01 AM","0000-00","0","no battery","V"
"08/17/2021","10:05:45","10","default","328281339","OXY_CH10","7.752","min","186.050","μmol/L","Humid","21.557","deg","104288","µV","27.921","°C","1015.000","hPa","35.0","pmil","0","55.560","deg","20.000","°C","100.000","%a.s.","22.340","deg","20.000","°C","962.000","hPa","0.861","-0.02617","0.00035","0","0","13.56","Humid","31.50","0","54.10","281141.98","SABD0002000014","AAV2.0.0.13","3.0.1.1413","PSt7-10","180509-029","9/13/2019 10:47:01 AM","0000-00","0","no battery","V"
"08/17/2021","10:05:46","10","default","328281339","OXY_CH10","7.768","min","186.084","μmol/L","Humid","21.557","deg","104287","µV","27.915","°C","1015.000","hPa","35.0","pmil","0","55.560","deg","20.000","°C","100.000","%a.s.","22.340","deg","20.000","°C","962.000","hPa","0.861","-0.02617","0.00035","0","0","13.56","Humid","31.50","0","54.10","281132.76","SABD0002000014","AAV2.0.0.13","3.0.1.1413","PSt7-10","180509-029","9/13/2019 10:47:01 AM","0000-00","0","no battery","V"
"08/17/2021","10:05:47","10","default","328281339","OXY_CH10","7.785","min","186.131","μmol/L","Humid","21.552","deg","104282","µV","27.921","°C","1015.000","hPa","35.0","pmil","0","55.560","deg","20.000","°C","100.000","%a.s.","22.340","deg","20.000","°C","962.000","hPa","0.861","-0.02617","0.00035","0","0","13.56","Humid","31.50","0","54.10","281141.87","SABD0002000014","AAV2.0.0.13","3.0.1.1413","PSt7-10","180509-029","9/13/2019 10:47:01 AM","0000-00","0","no battery","V"
"08/17/2021","10:05:48","10","default","328281339","OXY_CH10","7.802","min","186.116","μmol/L","Humid","21.555","deg","104279","µV","27.915","°C","1015.000","hPa","35.0","pmil","0","55.560","deg","20.000","°C","100.000","%a.s.","22.340","deg","20.000","°C","962.000","hPa","0.861","-0.02617","0.00035","0","0","13.56","Humid","31.50","0","54.10","281138.06","SABD0002000014","AAV2.0.0.13","3.0.1.1413","PSt7-10","180509-029","9/13/2019 10:47:01 AM","0000-00","0","no battery","V"
"08/17/2021","10:05:49","10","default","328281339","OXY_CH10","7.819","min","186.147","μmol/L","Humid","21.551","deg","104278","µV","27.921","°C","1015.000","hPa","35.0","pmil","0","55.560","deg","20.000","°C","100.000","%a.s.","22.340","deg","20.000","°C","962.000","hPa","0.861","-0.02617","0.00035","0","0","13.56","Humid","31.50","0","54.10","281142.85","SABD0002000014","AAV2.0.0.13","3.0.1.1413","PSt7-10","180509-029","9/13/2019 10:47:01 AM","0000-00","0","no battery","V"
"08/17/2021","10:05:50","10","default","328281339","OXY_CH10","7.835","min","186.162","μmol/L","Humid","21.548","deg","104277","µV","27.927","°C","1015.000","hPa","35.0","pmil","0","55.560","deg","20.000","°C","100.000","%a.s.","22.340","deg","20.000","°C","962.000","hPa","0.861","-0.02617","0.00035","0","0","13.56","Humid","31.50","0","54.10","281124.77","SABD0002000014","AAV2.0.0.13","3.0.1.1413","PSt7-10","180509-029","9/13/2019 10:47:01 AM","0000-00","0","no battery","V"
"08/17/2021","10:05:51","10","default","328281339","OXY_CH10","7.852","min","186.080","μmol/L","Humid","21.553","deg","104262","µV","27.927","°C","1015.000","hPa","35.0","pmil","0","55.560","deg","20.000","°C","100.000","%a.s.","22.340","deg","20.000","°C","962.000","hPa","0.861","-0.02617","0.00035","0","0","13.56","Humid","31.50","0","54.10","281135.62","SABD0002000014","AAV2.0.0.13","3.0.1.1413","PSt7-10","180509-029","9/13/2019 10:47:01 AM","0000-00","0","no battery","V"
"08/17/2021","10:05:52","10","default","328281339","OXY_CH10","7.869","min","186.129","μmol/L","Humid","21.550","deg","104266","µV","27.927","°C","1015.000","hPa","35.0","pmil","0","55.560","deg","20.000","°C","100.000","%a.s.","22.340","deg","20.000","°C","962.000","hPa","0.861","-0.02617","0.00035","0","0","13.56","Humid","31.50","0","54.10","281132.39","SABD0002000014","AAV2.0.0.13","3.0.1.1413","PSt7-10","180509-029","9/13/2019 10:47:01 AM","0000-00","0","no battery","V"
"08/17/2021","10:05:53","10","default","328281339","OXY_CH10","7.885","min","186.196","μmol/L","Humid","21.548","deg","104254","µV","27.921","°C","1015.000","hPa","35.0","pmil","0","55.560","deg","20.000","°C","100.000","%a.s.","22.340","deg","20.000","°C","962.000","hPa","0.861","-0.02617","0.00035","0","0","13.56","Humid","31.50","0","54.10","281117.53","SABD0002000014","AAV2.0.0.13","3.0.1.1413","PSt7-10","180509-029","9/13/2019 10:47:01 AM","0000-00","0","no battery","V"
"08/17/2021","10:05:54","10","default","328281339","OXY_CH10","7.902","min","186.163","μmol/L","Humid","21.550","deg","104261","µV","27.921","°C","1015.000","hPa","35.0","pmil","0","55.560","deg","20.000","°C","100.000","%a.s.","22.340","deg","20.000","°C","962.000","hPa","0.861","-0.02617","0.00035","0","0","13.56","Humid","31.50","0","54.10","281120.29","SABD0002000014","AAV2.0.0.13","3.0.1.1413","PSt7-10","180509-029","9/13/2019 10:47:01 AM","0000-00","0","no battery","V"
"08/17/2021","10:05:55","10","default","328281339","OXY_CH10","7.919","min","186.146","μmol/L","Humid","21.549","deg","104259","µV","27.927","°C","1015.000","hPa","35.0","pmil","0","55.560","deg","20.000","°C","100.000","%a.s.","22.340","deg","20.000","°C","962.000","hPa","0.861","-0.02617","0.00035","0","0","13.56","Humid","31.50","0","54.10","281137.91","SABD0002000014","AAV2.0.0.13","3.0.1.1413","PSt7-10","180509-029","9/13/2019 10:47:01 AM","0000-00","0","no battery","V"
"08/17/2021","10:05:56","10","default","328281339","OXY_CH10","7.935","min","186.146","μmol/L","Humid","21.549","deg","104248","µV","27.927","°C","1015.000","hPa","35.0","pmil","0","55.560","deg","20.000","°C","100.000","%a.s.","22.340","deg","20.000","°C","962.000","hPa","0.861","-0.02617","0.00035","0","0","13.56","Humid","31.50","0","54.10","281129.88","SABD0002000014","AAV2.0.0.13","3.0.1.1413","PSt7-10","180509-029","9/13/2019 10:47:01 AM","0000-00","0","no battery","V"
"08/17/2021","10:05:57","10","default","328281339","OXY_CH10","7.952","min","186.178","μmol/L","Humid","21.547","deg","104253","µV","27.927","°C","1015.000","hPa","35.0","pmil","0","55.560","deg","20.000","°C","100.000","%a.s.","22.340","deg","20.000","°C","962.000","hPa","0.861","-0.02617","0.00035","0","0","13.56","Humid","31.50","0","54.10","281122.06","SABD0002000014","AAV2.0.0.13","3.0.1.1413","PSt7-10","180509-029","9/13/2019 10:47:01 AM","0000-00","0","no battery","V"
"08/17/2021","10:05:58","10","default","328281339","OXY_CH10","7.969","min","186.095","μmol/L","Humid","21.550","deg","104248","µV","27.933","°C","1015.000","hPa","35.0","pmil","0","55.560","deg","20.000","°C","100.000","%a.s.","22.340","deg","20.000","°C","962.000","hPa","0.861","-0.02617","0.00035","0","0","13.56","Humid","31.50","0","54.10","281132.44","SABD0002000014","AAV2.0.0.13","3.0.1.1413","PSt7-10","180509-029","9/13/2019 10:47:01 AM","0000-00","0","no battery","V"
"08/17/2021","10:05:59","10","default","328281339","OXY_CH10","7.985","min","186.243","μmol/L","Humid","21.543","deg","104246","µV","27.927","°C","1015.000","hPa","35.0","pmil","0","55.560","deg","20.000","°C","100.000","%a.s.","22.340","deg","20.000","°C","962.000","hPa","0.861","-0.02617","0.00035","0","0","13.56","Humid","31.50","0","54.10","281117.17","SABD0002000014","AAV2.0.0.13","3.0.1.1413","PSt7-10","180509-029","9/13/2019 10:47:01 AM","0000-00","0","no battery","V"
"08/17/2021","10:06:00","10","default","328281339","OXY_CH10","8.002","min","186.196","μmol/L","Humid","21.548","deg","104232","µV","27.921","°C","1015.000","hPa","35.0","pmil","0","55.560","deg","20.000","°C","100.000","%a.s.","22.340","deg","20.000","°C","962.000","hPa","0.861","-0.02617","0.00035","0","0","13.56","Humid","31.50","0","54.10","281110.25","SABD0002000014","AAV2.0.0.13","3.0.1.1413","PSt7-10","180509-029","9/13/2019 10:47:01 AM","0000-00","0","no battery","V"
"08/17/2021","10:06:01","10","default","328281339","OXY_CH10","8.018","min","186.162","μmol/L","Humid","21.548","deg","104233","µV","27.927","°C","1015.000","hPa","35.0","pmil","0","55.560","deg","20.000","°C","100.000","%a.s.","22.340","deg","20.000","°C","962.000","hPa","0.861","-0.02617","0.00035","0","0","13.56","Humid","31.50","0","54.10","281118.94","SABD0002000014","AAV2.0.0.13","3.0.1.1413","PSt7-10","180509-029","9/13/2019 10:47:01 AM","0000-00","0","no battery","V"
"08/17/2021","10:06:02","10","default","328281339","OXY_CH10","8.036","min","186.211","μmol/L","Humid","21.545","deg","104233","µV","27.927","°C","1015.000","hPa","35.0","pmil","0","55.560","deg","20.000","°C","100.000","%a.s.","22.340","deg","20.000","°C","962.000","hPa","0.861","-0.02617","0.00035","0","0","13.56","Humid","31.50","0","54.10","281109.63","SABD0002000014","AAV2.0.0.13","3.0.1.1413","PSt7-10","180509-029","9/13/2019 10:47:01 AM","0000-00","0","no battery","V"
"08/17/2021","10:06:03","10","default","328281339","OXY_CH10","8.053","min","186.229","μmol/L","Humid","21.546","deg","104221","µV","27.921","°C","1015.000","hPa","35.0","pmil","0","55.560","deg","20.000","°C","100.000","%a.s.","22.340","deg","20.000","°C","962.000","hPa","0.861","-0.02617","0.00035","0","0","13.56","Humid","31.50","0","54.10","281118.94","SABD0002000014","AAV2.0.0.13","3.0.1.1413","PSt7-10","180509-029","9/13/2019 10:47:01 AM","0000-00","0","no battery","V"
"08/17/2021","10:06:04","10","default","328281339","OXY_CH10","8.069","min","186.310","μmol/L","Humid","21.541","deg","104234","µV","27.921","°C","1015.000","hPa","35.0","pmil","0","55.560","deg","20.000","°C","100.000","%a.s.","22.340","deg","20.000","°C","962.000","hPa","0.861","-0.02617","0.00035","0","0","13.56","Humid","31.50","0","54.10","281110.31","SABD0002000014","AAV2.0.0.13","3.0.1.1413","PSt7-10","180509-029","9/13/2019 10:47:01 AM","0000-00","0","no battery","V"
"08/17/2021","10:06:05","10","default","328281339","OXY_CH10","8.086","min","186.258","μmol/L","Humid","21.540","deg","104225","µV","27.933","°C","1015.000","hPa","35.0","pmil","0","55.560","deg","20.000","°C","100.000","%a.s.","22.340","deg","20.000","°C","962.000","hPa","0.861","-0.02617","0.00035","0","0","13.56","Humid","31.50","0","54.10","281118.28","SABD0002000014","AAV2.0.0.13","3.0.1.1413","PSt7-10","180509-029","9/13/2019 10:47:01 AM","0000-00","0","no battery","V"
"08/17/2021","10:06:06","10","default","328281339","OXY_CH10","8.103","min","186.276","μmol/L","Humid","21.541","deg","104215","µV","27.927","°C","1015.000","hPa","35.0","pmil","0","55.560","deg","20.000","°C","100.000","%a.s.","22.340","deg","20.000","°C","962.000","hPa","0.861","-0.02617","0.00035","0","0","13.56","Humid","31.50","0","54.10","281114.52","SABD0002000014","AAV2.0.0.13","3.0.1.1413","PSt7-10","180509-029","9/13/2019 10:47:01 AM","0000-00","0","no battery","V"
"08/17/2021","10:06:07","10","default","328281339","OXY_CH10","8.119","min","186.227","μmol/L","Humid","21.544","deg","104219","µV","27.927","°C","1015.000","hPa","35.0","pmil","0","55.560","deg","20.000","°C","100.000","%a.s.","22.340","deg","20.000","°C","962.000","hPa","0.861","-0.02617","0.00035","0","0","13.56","Humid","31.50","0","54.10","281105.36","SABD0002000014","AAV2.0.0.13","3.0.1.1413","PSt7-10","180509-029","9/13/2019 10:47:01 AM","0000-00","0","no battery","V"
"08/17/2021","10:06:08","10","default","328281339","OXY_CH10","8.136","min","186.243","μmol/L","Humid","21.543","deg","104229","µV","27.927","°C","1015.000","hPa","35.0","pmil","0","55.560","deg","20.000","°C","100.000","%a.s.","22.340","deg","20.000","°C","962.000","hPa","0.861","-0.02617","0.00035","0","0","13.56","Humid","31.50","0","54.10","281113.45","SABD0002000014","AAV2.0.0.13","3.0.1.1413","PSt7-10","180509-029","9/13/2019 10:47:01 AM","0000-00","0","no battery","V"
"08/17/2021","10:06:09","10","default","328281339","OXY_CH10","8.152","min","186.243","μmol/L","Humid","21.543","deg","104223","µV","27.927","°C","1015.000","hPa","35.0","pmil","0","55.560","deg","20.000","°C","100.000","%a.s.","22.340","deg","20.000","°C","962.000","hPa","0.861","-0.02617","0.00035","0","0","13.56","Humid","31.50","0","54.10","281113.49","SABD0002000014","AAV2.0.0.13","3.0.1.1413","PSt7-10","180509-029","9/13/2019 10:47:01 AM","0000-00","0","no battery","V"
"08/17/2021","10:06:10","10","default","328281339","OXY_CH10","8.169","min","186.243","μmol/L","Humid","21.543","deg","104228","µV","27.927","°C","1015.000","hPa","35.0","pmil","0","55.560","deg","20.000","°C","100.000","%a.s.","22.340","deg","20.000","°C","962.000","hPa","0.861","-0.02617","0.00035","0","0","13.56","Humid","31.50","0","54.10","281115.96","SABD0002000014","AAV2.0.0.13","3.0.1.1413","PSt7-10","180509-029","9/13/2019 10:47:01 AM","0000-00","0","no battery","V"
"08/17/2021","10:06:11","10","default","328281339","OXY_CH10","8.185","min","186.341","μmol/L","Humid","21.537","deg","104219","µV","27.927","°C","1015.000","hPa","35.0","pmil","0","55.560","deg","20.000","°C","100.000","%a.s.","22.340","deg","20.000","°C","962.000","hPa","0.861","-0.02617","0.00035","0","0","13.56","Humid","31.50","0","54.10","281115.19","SABD0002000014","AAV2.0.0.13","3.0.1.1413","PSt7-10","180509-029","9/13/2019 10:47:01 AM","0000-00","0","no battery","V"
"08/17/2021","10:06:12","10","default","328281339","OXY_CH10","8.202","min","186.276","μmol/L","Humid","21.541","deg","104210","µV","27.927","°C","1015.000","hPa","35.0","pmil","0","55.560","deg","20.000","°C","100.000","%a.s.","22.340","deg","20.000","°C","962.000","hPa","0.861","-0.02617","0.00035","0","0","13.56","Humid","31.50","0","54.10","281102.39","SABD0002000014","AAV2.0.0.13","3.0.1.1413","PSt7-10","180509-029","9/13/2019 10:47:01 AM","0000-00","0","no battery","V"
"08/17/2021","10:06:13","10","default","328281339","OXY_CH10","8.219","min","186.274","μmol/L","Humid","21.539","deg","104211","µV","27.933","°C","1015.000","hPa","35.0","pmil","0","55.560","deg","20.000","°C","100.000","%a.s.","22.340","deg","20.000","°C","962.000","hPa","0.861","-0.02617","0.00035","0","0","13.56","Humid","31.50","0","54.10","281116.88","SABD0002000014","AAV2.0.0.13","3.0.1.1413","PSt7-10","180509-029","9/13/2019 10:47:01 AM","0000-00","0","no battery","V"
"08/17/2021","10:06:14","10","default","328281339","OXY_CH10","8.235","min","186.258","μmol/L","Humid","21.540","deg","104202","µV","27.933","°C","1015.000","hPa","35.0","pmil","0","55.560","deg","20.000","°C","100.000","%a.s.","22.340","deg","20.000","°C","962.000","hPa","0.861","-0.02617","0.00035","0","0","13.56","Humid","31.50","0","54.10","281104.64","SABD0002000014","AAV2.0.0.13","3.0.1.1413","PSt7-10","180509-029","9/13/2019 10:47:01 AM","0000-00","0","no battery","V"
"08/17/2021","10:06:15","10","default","328281339","OXY_CH10","8.252","min","186.274","μmol/L","Humid","21.539","deg","104200","µV","27.933","°C","1015.000","hPa","35.0","pmil","0","55.560","deg","20.000","°C","100.000","%a.s.","22.340","deg","20.000","°C","962.000","hPa","0.861","-0.02617","0.00035","0","0","13.56","Humid","31.50","0","54.10","281107.89","SABD0002000014","AAV2.0.0.13","3.0.1.1413","PSt7-10","180509-029","9/13/2019 10:47:01 AM","0000-00","0","no battery","V"
"08/17/2021","10:06:16","10","default","328281339","OXY_CH10","8.269","min","186.291","μmol/L","Humid","21.538","deg","104206","µV","27.933","°C","1015.000","hPa","35.0","pmil","0","55.560","deg","20.000","°C","100.000","%a.s.","22.340","deg","20.000","°C","962.000","hPa","0.861","-0.02617","0.00035","0","0","13.56","Humid","31.50","0","54.10","281113.73","SABD0002000014","AAV2.0.0.13","3.0.1.1413","PSt7-10","180509-029","9/13/2019 10:47:01 AM","0000-00","0","no battery","V"
"08/17/2021","10:06:17","10","default","328281339","OXY_CH10","8.285","min","186.357","μmol/L","Humid","21.536","deg","104192","µV","27.927","°C","1015.000","hPa","35.0","pmil","0","55.560","deg","20.000","°C","100.000","%a.s.","22.340","deg","20.000","°C","962.000","hPa","0.861","-0.02617","0.00035","0","0","13.56","Humid","31.50","0","54.10","281116.23","SABD0002000014","AAV2.0.0.13","3.0.1.1413","PSt7-10","180509-029","9/13/2019 10:47:01 AM","0000-00","0","no battery","V"
"08/17/2021","10:06:18","10","default","328281339","OXY_CH10","8.302","min","186.322","μmol/L","Humid","21.534","deg","104191","µV","27.939","°C","1015.000","hPa","35.0","pmil","0","55.560","deg","20.000","°C","100.000","%a.s.","22.340","deg","20.000","°C","962.000","hPa","0.861","-0.02617","0.00035","0","0","13.56","Humid","31.50","0","54.10","281105.73","SABD0002000014","AAV2.0.0.13","3.0.1.1413","PSt7-10","180509-029","9/13/2019 10:47:01 AM","0000-00","0","no battery","V"
"08/17/2021","10:06:19","10","default","328281339","OXY_CH10","8.319","min","186.289","μmol/L","Humid","21.536","deg","104193","µV","27.939","°C","1015.000","hPa","35.0","pmil","0","55.560","deg","20.000","°C","100.000","%a.s.","22.340","deg","20.000","°C","962.000","hPa","0.861","-0.02617","0.00035","0","0","13.56","Humid","31.50","0","54.10","281099.93","SABD0002000014","AAV2.0.0.13","3.0.1.1413","PSt7-10","180509-029","9/13/2019 10:47:01 AM","0000-00","0","no battery","V"
"08/17/2021","10:06:20","10","default","328281339","OXY_CH10","8.335","min","186.354","μmol/L","Humid","21.532","deg","104186","µV","27.939","°C","1015.000","hPa","35.0","pmil","0","55.560","deg","20.000","°C","100.000","%a.s.","22.340","deg","20.000","°C","962.000","hPa","0.861","-0.02617","0.00035","0","0","13.56","Humid","31.50","0","54.10","281098.45","SABD0002000014","AAV2.0.0.13","3.0.1.1413","PSt7-10","180509-029","9/13/2019 10:47:01 AM","0000-00","0","no battery","V"
"08/17/2021","10:06:21","10","default","328281339","OXY_CH10","8.352","min","186.389","μmol/L","Humid","21.532","deg","104174","µV","27.933","°C","1015.000","hPa","35.0","pmil","0","55.560","deg","20.000","°C","100.000","%a.s.","22.340","deg","20.000","°C","962.000","hPa","0.861","-0.02617","0.00035","0","0","13.56","Humid","31.50","0","54.10","281103.23","SABD0002000014","AAV2.0.0.13","3.0.1.1413","PSt7-10","180509-029","9/13/2019 10:47:01 AM","0000-00","0","no battery","V"
"08/17/2021","10:06:22","10","default","328281339","OXY_CH10","8.369","min","186.421","μmol/L","Humid","21.530","deg","104175","µV","27.933","°C","1015.000","hPa","35.0","pmil","0","55.560","deg","20.000","°C","100.000","%a.s.","22.340","deg","20.000","°C","962.000","hPa","0.861","-0.02617","0.00035","0","0","13.56","Humid","31.50","0","54.10","281103.69","SABD0002000014","AAV2.0.0.13","3.0.1.1413","PSt7-10","180509-029","9/13/2019 10:47:01 AM","0000-00","0","no battery","V"
"08/17/2021","10:06:23","10","default","328281339","OXY_CH10","8.386","min","186.338","μmol/L","Humid","21.533","deg","104171","µV","27.939","°C","1015.000","hPa","35.0","pmil","0","55.560","deg","20.000","°C","100.000","%a.s.","22.340","deg","20.000","°C","962.000","hPa","0.861","-0.02617","0.00035","0","0","13.56","Humid","31.50","0","54.10","281101.12","SABD0002000014","AAV2.0.0.13","3.0.1.1413","PSt7-10","180509-029","9/13/2019 10:47:01 AM","0000-00","0","no battery","V"
"08/17/2021","10:06:24","10","default","328281339","OXY_CH10","8.402","min","186.405","μmol/L","Humid","21.531","deg","104161","µV","27.933","°C","1015.000","hPa","35.0","pmil","0","55.560","deg","20.000","°C","100.000","%a.s.","22.340","deg","20.000","°C","962.000","hPa","0.861","-0.02617","0.00035","0","0","13.56","Humid","31.50","0","54.10","281085.00","SABD0002000014","AAV2.0.0.13","3.0.1.1413","PSt7-10","180509-029","9/13/2019 10:47:01 AM","0000-00","0","no battery","V"
"08/17/2021","10:06:25","10","default","328281339","OXY_CH10","8.419","min","186.420","μmol/L","Humid","21.528","deg","104152","µV","27.939","°C","1015.000","hPa","35.0","pmil","0","55.560","deg","20.000","°C","100.000","%a.s.","22.340","deg","20.000","°C","962.000","hPa","0.861","-0.02617","0.00035","0","0","13.56","Humid","31.50","0","54.10","281091.65","SABD0002000014","AAV2.0.0.13","3.0.1.1413","PSt7-10","180509-029","9/13/2019 10:47:01 AM","0000-00","0","no battery","V"
"08/17/2021","10:06:26","10","default","328281339","OXY_CH10","8.436","min","186.420","μmol/L","Humid","21.528","deg","104149","µV","27.939","°C","1015.000","hPa","35.0","pmil","0","55.560","deg","20.000","°C","100.000","%a.s.","22.340","deg","20.000","°C","962.000","hPa","0.861","-0.02617","0.00035","0","0","13.56","Humid","31.50","0","54.10","281094.04","SABD0002000014","AAV2.0.0.13","3.0.1.1413","PSt7-10","180509-029","9/13/2019 10:47:01 AM","0000-00","0","no battery","V"
"08/17/2021","10:06:27","10","default","328281339","OXY_CH10","8.452","min","186.420","μmol/L","Humid","21.528","deg","104142","µV","27.939","°C","1015.000","hPa","35.0","pmil","0","55.560","deg","20.000","°C","100.000","%a.s.","22.340","deg","20.000","°C","962.000","hPa","0.861","-0.02617","0.00035","0","0","13.56","Humid","31.50","0","54.10","281093.27","SABD0002000014","AAV2.0.0.13","3.0.1.1413","PSt7-10","180509-029","9/13/2019 10:47:01 AM","0000-00","0","no battery","V"
"08/17/2021","10:06:28","10","default","328281339","OXY_CH10","8.469","min","186.403","μmol/L","Humid","21.529","deg","104140","µV","27.939","°C","1015.000","hPa","35.0","pmil","0","55.560","deg","20.000","°C","100.000","%a.s.","22.340","deg","20.000","°C","962.000","hPa","0.861","-0.02617","0.00035","0","0","13.56","Humid","31.50","0","54.10","281093.36","SABD0002000014","AAV2.0.0.13","3.0.1.1413","PSt7-10","180509-029","9/13/2019 10:47:01 AM","0000-00","0","no battery","V"
"08/17/2021","10:06:29","10","default","328281339","OXY_CH10","8.486","min","186.486","μmol/L","Humid","21.526","deg","104140","µV","27.933","°C","1015.000","hPa","35.0","pmil","0","55.560","deg","20.000","°C","100.000","%a.s.","22.340","deg","20.000","°C","962.000","hPa","0.861","-0.02617","0.00035","0","0","13.56","Humid","31.50","0","54.10","281093.84","SABD0002000014","AAV2.0.0.13","3.0.1.1413","PSt7-10","180509-029","9/13/2019 10:47:01 AM","0000-00","0","no battery","V"
"08/17/2021","10:06:30","10","default","328281339","OXY_CH10","8.502","min","186.452","μmol/L","Humid","21.526","deg","104123","µV","27.939","°C","1015.000","hPa","35.0","pmil","0","55.560","deg","20.000","°C","100.000","%a.s.","22.340","deg","20.000","°C","962.000","hPa","0.861","-0.02617","0.00035","0","0","13.56","Humid","31.50","0","54.10","281089.46","SABD0002000014","AAV2.0.0.13","3.0.1.1413","PSt7-10","180509-029","9/13/2019 10:47:01 AM","0000-00","0","no battery","V"
"08/17/2021","10:06:31","10","default","328281339","OXY_CH10","8.519","min","186.486","μmol/L","Humid","21.526","deg","104119","µV","27.933","°C","1015.000","hPa","35.0","pmil","0","55.560","deg","20.000","°C","100.000","%a.s.","22.340","deg","20.000","°C","962.000","hPa","0.861","-0.02617","0.00035","0","0","13.56","Humid","31.50","0","54.10","281086.81","SABD0002000014","AAV2.0.0.13","3.0.1.1413","PSt7-10","180509-029","9/13/2019 10:47:01 AM","0000-00","0","no battery","V"
"08/17/2021","10:06:32","10","default","328281339","OXY_CH10","8.536","min","186.501","μmol/L","Humid","21.523","deg","104117","µV","27.939","°C","1015.000","hPa","35.0","pmil","0","55.560","deg","20.000","°C","100.000","%a.s.","22.340","deg","20.000","°C","962.000","hPa","0.861","-0.02617","0.00035","0","0","13.56","Humid","31.50","0","54.10","281077.61","SABD0002000014","AAV2.0.0.13","3.0.1.1413","PSt7-10","180509-029","9/13/2019 10:47:01 AM","0000-00","0","no battery","V"
"08/17/2021","10:06:33","10","default","328281339","OXY_CH10","8.553","min","186.485","μmol/L","Humid","21.524","deg","104113","µV","27.939","°C","1015.000","hPa","35.0","pmil","0","55.560","deg","20.000","°C","100.000","%a.s.","22.340","deg","20.000","°C","962.000","hPa","0.861","-0.02617","0.00035","0","0","13.56","Humid","31.50","0","54.10","281086.84","SABD0002000014","AAV2.0.0.13","3.0.1.1413","PSt7-10","180509-029","9/13/2019 10:47:01 AM","0000-00","0","no battery","V"
"08/17/2021","10:06:34","10","default","328281339","OXY_CH10","8.569","min","186.534","μmol/L","Humid","21.521","deg","104107","µV","27.939","°C","1015.000","hPa","35.0","pmil","0","55.560","deg","20.000","°C","100.000","%a.s.","22.340","deg","20.000","°C","962.000","hPa","0.861","-0.02617","0.00035","0","0","13.56","Humid","31.50","0","54.10","281083.03","SABD0002000014","AAV2.0.0.13","3.0.1.1413","PSt7-10","180509-029","9/13/2019 10:47:01 AM","0000-00","0","no battery","V"
"08/17/2021","10:06:35","10","default","328281339","OXY_CH10","8.586","min","186.552","μmol/L","Humid","21.522","deg","104105","µV","27.933","°C","1015.000","hPa","35.0","pmil","0","55.560","deg","20.000","°C","100.000","%a.s.","22.340","deg","20.000","°C","962.000","hPa","0.861","-0.02617","0.00035","0","0","13.56","Humid","31.50","0","54.10","281084.14","SABD0002000014","AAV2.0.0.13","3.0.1.1413","PSt7-10","180509-029","9/13/2019 10:47:01 AM","0000-00","0","no battery","V"
"08/17/2021","10:06:36","10","default","328281339","OXY_CH10","8.602","min","186.666","μmol/L","Humid","21.515","deg","104109","µV","27.933","°C","1015.000","hPa","35.0","pmil","0","55.560","deg","20.000","°C","100.000","%a.s.","22.340","deg","20.000","°C","962.000","hPa","0.861","-0.02617","0.00035","0","0","13.56","Humid","31.50","0","54.10","281086.22","SABD0002000014","AAV2.0.0.13","3.0.1.1413","PSt7-10","180509-029","9/13/2019 10:47:01 AM","0000-00","0","no battery","V"
"08/17/2021","10:06:37","10","default","328281339","OXY_CH10","8.619","min","186.519","μmol/L","Humid","21.524","deg","104098","µV","27.933","°C","1015.000","hPa","35.0","pmil","0","55.560","deg","20.000","°C","100.000","%a.s.","22.340","deg","20.000","°C","962.000","hPa","0.861","-0.02617","0.00035","0","0","13.56","Humid","31.50","0","54.10","281083.04","SABD0002000014","AAV2.0.0.13","3.0.1.1413","PSt7-10","180509-029","9/13/2019 10:47:01 AM","0000-00","0","no battery","V"
"08/17/2021","10:06:38","10","default","328281339","OXY_CH10","8.636","min","186.485","μmol/L","Humid","21.524","deg","104096","µV","27.939","°C","1015.000","hPa","35.0","pmil","0","55.560","deg","20.000","°C","100.000","%a.s.","22.340","deg","20.000","°C","962.000","hPa","0.861","-0.02617","0.00035","0","0","13.56","Humid","31.50","0","54.10","281076.85","SABD0002000014","AAV2.0.0.13","3.0.1.1413","PSt7-10","180509-029","9/13/2019 10:47:01 AM","0000-00","0","no battery","V"
"08/17/2021","10:06:39","10","default","328281339","OXY_CH10","8.652","min","186.518","μmol/L","Humid","21.522","deg","104095","µV","27.939","°C","1015.000","hPa","35.0","pmil","0","55.560","deg","20.000","°C","100.000","%a.s.","22.340","deg","20.000","°C","962.000","hPa","0.861","-0.02617","0.00035","0","0","13.56","Humid","31.50","0","54.10","281083.74","SABD0002000014","AAV2.0.0.13","3.0.1.1413","PSt7-10","180509-029","9/13/2019 10:47:01 AM","0000-00","0","no battery","V"
"08/17/2021","10:06:40","10","default","328281339","OXY_CH10","8.669","min","186.567","μmol/L","Humid","21.519","deg","104094","µV","27.939","°C","1015.000","hPa","35.0","pmil","0","55.560","deg","20.000","°C","100.000","%a.s.","22.340","deg","20.000","°C","962.000","hPa","0.861","-0.02617","0.00035","0","0","13.56","Humid","31.50","0","54.10","281084.06","SABD0002000014","AAV2.0.0.13","3.0.1.1413","PSt7-10","180509-029","9/13/2019 10:47:01 AM","0000-00","0","no battery","V"
"08/17/2021","10:06:41","10","default","328281339","OXY_CH10","8.686","min","186.599","μmol/L","Humid","21.517","deg","104094","µV","27.939","°C","1015.000","hPa","35.0","pmil","0","55.560","deg","20.000","°C","100.000","%a.s.","22.340","deg","20.000","°C","962.000","hPa","0.861","-0.02617","0.00035","0","0","13.56","Humid","31.50","0","54.10","281084.51","SABD0002000014","AAV2.0.0.13","3.0.1.1413","PSt7-10","180509-029","9/13/2019 10:47:01 AM","0000-00","0","no battery","V"
"08/17/2021","10:06:42","10","default","328281339","OXY_CH10","8.702","min","186.599","μmol/L","Humid","21.517","deg","104088","µV","27.939","°C","1015.000","hPa","35.0","pmil","0","55.560","deg","20.000","°C","100.000","%a.s.","22.340","deg","20.000","°C","962.000","hPa","0.861","-0.02617","0.00035","0","0","13.56","Humid","31.50","0","54.10","281086.00","SABD0002000014","AAV2.0.0.13","3.0.1.1413","PSt7-10","180509-029","9/13/2019 10:47:01 AM","0000-00","0","no battery","V"
"08/17/2021","10:06:43","10","default","328281339","OXY_CH10","8.718","min","186.583","μmol/L","Humid","21.518","deg","104090","µV","27.939","°C","1015.000","hPa","35.0","pmil","0","55.560","deg","20.000","°C","100.000","%a.s.","22.340","deg","20.000","°C","962.000","hPa","0.861","-0.02617","0.00035","0","0","13.56","Humid","31.50","0","54.10","281082.06","SABD0002000014","AAV2.0.0.13","3.0.1.1413","PSt7-10","180509-029","9/13/2019 10:47:01 AM","0000-00","0","no battery","V"
"08/17/2021","10:06:44","10","default","328281339","OXY_CH10","8.735","min","186.632","μmol/L","Humid","21.515","deg","104078","µV","27.939","°C","1015.000","hPa","35.0","pmil","0","55.560","deg","20.000","°C","100.000","%a.s.","22.340","deg","20.000","°C","962.000","hPa","0.861","-0.02617","0.00035","0","0","13.56","Humid","31.50","0","54.10","281073.23","SABD0002000014","AAV2.0.0.13","3.0.1.1413","PSt7-10","180509-029","9/13/2019 10:47:01 AM","0000-00","0","no battery","V"
"08/17/2021","10:06:45","10","default","328281339","OXY_CH10","8.752","min","186.632","μmol/L","Humid","21.515","deg","104082","µV","27.939","°C","1015.000","hPa","35.0","pmil","0","55.560","deg","20.000","°C","100.000","%a.s.","22.340","deg","20.000","°C","962.000","hPa","0.861","-0.02617","0.00035","0","0","13.56","Humid","31.50","0","54.10","281079.39","SABD0002000014","AAV2.0.0.13","3.0.1.1413","PSt7-10","180509-029","9/13/2019 10:47:01 AM","0000-00","0","no battery","V"
"08/17/2021","10:06:46","10","default","328281339","OXY_CH10","8.769","min","186.598","μmol/L","Humid","21.515","deg","104062","µV","27.946","°C","1015.000","hPa","35.0","pmil","0","55.560","deg","20.000","°C","100.000","%a.s.","22.340","deg","20.000","°C","962.000","hPa","0.861","-0.02617","0.00035","0","0","13.56","Humid","31.50","0","54.10","281068.69","SABD0002000014","AAV2.0.0.13","3.0.1.1413","PSt7-10","180509-029","9/13/2019 10:47:01 AM","0000-00","0","no battery","V"
"08/17/2021","10:06:47","10","default","328281339","OXY_CH10","8.786","min","186.616","μmol/L","Humid","21.516","deg","104065","µV","27.939","°C","1015.000","hPa","35.0","pmil","0","55.560","deg","20.000","°C","100.000","%a.s.","22.340","deg","20.000","°C","962.000","hPa","0.861","-0.02617","0.00035","0","0","13.56","Humid","31.50","0","54.10","281070.66","SABD0002000014","AAV2.0.0.13","3.0.1.1413","PSt7-10","180509-029","9/13/2019 10:47:01 AM","0000-00","0","no battery","V"
"08/17/2021","10:06:48","10","default","328281339","OXY_CH10","8.803","min","186.616","μmol/L","Humid","21.516","deg","104062","µV","27.939","°C","1015.000","hPa","35.0","pmil","0","55.560","deg","20.000","°C","100.000","%a.s.","22.340","deg","20.000","°C","962.000","hPa","0.861","-0.02617","0.00035","0","0","13.56","Humid","31.50","0","54.10","281081.88","SABD0002000014","AAV2.0.0.13","3.0.1.1413","PSt7-10","180509-029","9/13/2019 10:47:01 AM","0000-00","0","no battery","V"
"08/17/2021","10:06:49","10","default","328281339","OXY_CH10","8.819","min","186.616","μmol/L","Humid","21.516","deg","104062","µV","27.939","°C","1015.000","hPa","35.0","pmil","0","55.560","deg","20.000","°C","100.000","%a.s.","22.340","deg","20.000","°C","962.000","hPa","0.861","-0.02617","0.00035","0","0","13.56","Humid","31.50","0","54.10","281081.99","SABD0002000014","AAV2.0.0.13","3.0.1.1413","PSt7-10","180509-029","9/13/2019 10:47:01 AM","0000-00","0","no battery","V"
"08/17/2021","10:06:50","10","default","328281339","OXY_CH10","8.836","min","186.580","μmol/L","Humid","21.514","deg","104056","µV","27.952","°C","1015.000","hPa","35.0","pmil","0","55.560","deg","20.000","°C","100.000","%a.s.","22.340","deg","20.000","°C","962.000","hPa","0.861","-0.02617","0.00035","0","0","13.56","Humid","31.50","0","54.10","281070.13","SABD0002000014","AAV2.0.0.13","3.0.1.1413","PSt7-10","180509-029","9/13/2019 10:47:01 AM","0000-00","0","no battery","V"
"08/17/2021","10:06:51","10","default","328281339","OXY_CH10","8.853","min","186.748","μmol/L","Humid","21.510","deg","104056","µV","27.933","°C","1015.000","hPa","35.0","pmil","0","55.560","deg","20.000","°C","100.000","%a.s.","22.340","deg","20.000","°C","962.000","hPa","0.861","-0.02617","0.00035","0","0","13.56","Humid","31.50","0","54.10","281070.63","SABD0002000014","AAV2.0.0.13","3.0.1.1413","PSt7-10","180509-029","9/13/2019 10:47:01 AM","0000-00","0","no battery","V"
"08/17/2021","10:06:52","10","default","328281339","OXY_CH10","8.869","min","186.697","μmol/L","Humid","21.511","deg","104049","µV","27.939","°C","1015.000","hPa","35.0","pmil","0","55.560","deg","20.000","°C","100.000","%a.s.","22.340","deg","20.000","°C","962.000","hPa","0.861","-0.02617","0.00035","0","0","13.56","Humid","31.50","0","54.10","281072.40","SABD0002000014","AAV2.0.0.13","3.0.1.1413","PSt7-10","180509-029","9/13/2019 10:47:01 AM","0000-00","0","no battery","V"
"08/17/2021","10:06:53","10","default","328281339","OXY_CH10","8.886","min","186.728","μmol/L","Humid","21.507","deg","104049","µV","27.946","°C","1015.000","hPa","35.0","pmil","0","55.560","deg","20.000","°C","100.000","%a.s.","22.340","deg","20.000","°C","962.000","hPa","0.861","-0.02617","0.00035","0","0","13.56","Humid","31.50","0","54.10","281070.16","SABD0002000014","AAV2.0.0.13","3.0.1.1413","PSt7-10","180509-029","9/13/2019 10:47:01 AM","0000-00","0","no battery","V"
"08/17/2021","10:06:54","10","default","328281339","OXY_CH10","8.903","min","186.647","μmol/L","Humid","21.512","deg","104047","µV","27.946","°C","1015.000","hPa","35.0","pmil","0","55.560","deg","20.000","°C","100.000","%a.s.","22.340","deg","20.000","°C","962.000","hPa","0.861","-0.02617","0.00035","0","0","13.56","Humid","31.50","0","54.10","281075.77","SABD0002000014","AAV2.0.0.13","3.0.1.1413","PSt7-10","180509-029","9/13/2019 10:47:01 AM","0000-00","0","no battery","V"
"08/17/2021","10:06:55","10","default","328281339","OXY_CH10","8.919","min","186.645","μmol/L","Humid","21.510","deg","104038","µV","27.952","°C","1015.000","hPa","35.0","pmil","0","55.560","deg","20.000","°C","100.000","%a.s.","22.340","deg","20.000","°C","962.000","hPa","0.861","-0.02617","0.00035","0","0","13.56","Humid","31.50","0","54.10","281067.56","SABD0002000014","AAV2.0.0.13","3.0.1.1413","PSt7-10","180509-029","9/13/2019 10:47:01 AM","0000-00","0","no battery","V"
"08/17/2021","10:06:56","10","default","328281339","OXY_CH10","8.936","min","186.663","μmol/L","Humid","21.511","deg","104040","µV","27.946","°C","1015.000","hPa","35.0","pmil","0","55.560","deg","20.000","°C","100.000","%a.s.","22.340","deg","20.000","°C","962.000","hPa","0.861","-0.02617","0.00035","0","0","13.56","Humid","31.50","0","54.10","281071.32","SABD0002000014","AAV2.0.0.13","3.0.1.1413","PSt7-10","180509-029","9/13/2019 10:47:01 AM","0000-00","0","no battery","V"
"08/17/2021","10:06:57","10","default","328281339","OXY_CH10","8.952","min","186.712","μmol/L","Humid","21.508","deg","104032","µV","27.946","°C","1015.000","hPa","35.0","pmil","0","55.560","deg","20.000","°C","100.000","%a.s.","22.340","deg","20.000","°C","962.000","hPa","0.861","-0.02617","0.00035","0","0","13.56","Humid","31.50","0","54.10","281059.76","SABD0002000014","AAV2.0.0.13","3.0.1.1413","PSt7-10","180509-029","9/13/2019 10:47:01 AM","0000-00","0","no battery","V"
"08/17/2021","10:06:58","10","default","328281339","OXY_CH10","8.969","min","186.694","μmol/L","Humid","21.507","deg","104037","µV","27.952","°C","1015.000","hPa","35.0","pmil","0","55.560","deg","20.000","°C","100.000","%a.s.","22.340","deg","20.000","°C","962.000","hPa","0.861","-0.02617","0.00035","0","0","13.56","Humid","31.50","0","54.10","281064.13","SABD0002000014","AAV2.0.0.13","3.0.1.1413","PSt7-10","180509-029","9/13/2019 10:47:01 AM","0000-00","0","no battery","V"
"08/17/2021","10:06:59","10","default","328281339","OXY_CH10","8.986","min","186.678","μmol/L","Humid","21.508","deg","104036","µV","27.952","°C","1015.000","hPa","35.0","pmil","0","55.560","deg","20.000","°C","100.000","%a.s.","22.340","deg","20.000","°C","962.000","hPa","0.861","-0.02617","0.00035","0","0","13.56","Humid","31.50","0","54.10","281064.32","SABD0002000014","AAV2.0.0.13","3.0.1.1413","PSt7-10","180509-029","9/13/2019 10:47:01 AM","0000-00","0","no battery","V"
"08/17/2021","10:07:00","10","default","328281339","OXY_CH10","9.002","min","186.661","μmol/L","Humid","21.509","deg","104025","µV","27.952","°C","1015.000","hPa","35.0","pmil","0","55.560","deg","20.000","°C","100.000","%a.s.","22.340","deg","20.000","°C","962.000","hPa","0.861","-0.02617","0.00035","0","0","13.56","Humid","31.50","0","54.10","281054.57","SABD0002000014","AAV2.0.0.13","3.0.1.1413","PSt7-10","180509-029","9/13/2019 10:47:01 AM","0000-00","0","no battery","V"
"08/17/2021","10:07:01","10","default","328281339","OXY_CH10","9.019","min","186.714","μmol/L","Humid","21.510","deg","104026","µV","27.939","°C","1015.000","hPa","35.0","pmil","0","55.560","deg","20.000","°C","100.000","%a.s.","22.340","deg","20.000","°C","962.000","hPa","0.861","-0.02617","0.00035","0","0","13.56","Humid","31.50","0","54.10","281060.18","SABD0002000014","AAV2.0.0.13","3.0.1.1413","PSt7-10","180509-029","9/13/2019 10:47:01 AM","0000-00","0","no battery","V"
"08/17/2021","10:07:02","10","default","328281339","OXY_CH10","9.036","min","186.728","μmol/L","Humid","21.507","deg","104029","µV","27.946","°C","1015.000","hPa","35.0","pmil","0","55.560","deg","20.000","°C","100.000","%a.s.","22.340","deg","20.000","°C","962.000","hPa","0.861","-0.02617","0.00035","0","0","13.56","Humid","31.50","0","54.10","281071.20","SABD0002000014","AAV2.0.0.13","3.0.1.1413","PSt7-10","180509-029","9/13/2019 10:47:01 AM","0000-00","0","no battery","V"
"08/17/2021","10:07:03","10","default","328281339","OXY_CH10","9.052","min","186.712","μmol/L","Humid","21.508","deg","104024","µV","27.946","°C","1015.000","hPa","35.0","pmil","0","55.560","deg","20.000","°C","100.000","%a.s.","22.340","deg","20.000","°C","962.000","hPa","0.861","-0.02617","0.00035","0","0","13.56","Humid","31.50","0","54.10","281054.40","SABD0002000014","AAV2.0.0.13","3.0.1.1413","PSt7-10","180509-029","9/13/2019 10:47:01 AM","0000-00","0","no battery","V"
"08/17/2021","10:07:04","10","default","328281339","OXY_CH10","9.069","min","186.761","μmol/L","Humid","21.505","deg","104018","µV","27.946","°C","1015.000","hPa","35.0","pmil","0","55.560","deg","20.000","°C","100.000","%a.s.","22.340","deg","20.000","°C","962.000","hPa","0.861","-0.02617","0.00035","0","0","13.56","Humid","31.50","0","54.10","281061.51","SABD0002000014","AAV2.0.0.13","3.0.1.1413","PSt7-10","180509-029","9/13/2019 10:47:01 AM","0000-00","0","no battery","V"
"08/17/2021","10:07:05","10","default","328281339","OXY_CH10","9.086","min","186.661","μmol/L","Humid","21.509","deg","104022","µV","27.952","°C","1015.000","hPa","35.0","pmil","0","55.560","deg","20.000","°C","100.000","%a.s.","22.340","deg","20.000","°C","962.000","hPa","0.861","-0.02617","0.00035","0","0","13.56","Humid","31.50","0","54.10","281074.79","SABD0002000014","AAV2.0.0.13","3.0.1.1413","PSt7-10","180509-029","9/13/2019 10:47:01 AM","0000-00","0","no battery","V"
"08/17/2021","10:07:06","10","default","328281339","OXY_CH10","9.102","min","186.777","μmol/L","Humid","21.504","deg","104017","µV","27.946","°C","1015.000","hPa","35.0","pmil","0","55.560","deg","20.000","°C","100.000","%a.s.","22.340","deg","20.000","°C","962.000","hPa","0.861","-0.02617","0.00035","0","0","13.56","Humid","31.50","0","54.10","281056.68","SABD0002000014","AAV2.0.0.13","3.0.1.1413","PSt7-10","180509-029","9/13/2019 10:47:01 AM","0000-00","0","no battery","V"
"08/17/2021","10:07:07","10","default","328281339","OXY_CH10","9.119","min","186.728","μmol/L","Humid","21.507","deg","104014","µV","27.946","°C","1015.000","hPa","35.0","pmil","0","55.560","deg","20.000","°C","100.000","%a.s.","22.340","deg","20.000","°C","962.000","hPa","0.861","-0.02617","0.00035","0","0","13.56","Humid","31.50","0","54.10","281067.39","SABD0002000014","AAV2.0.0.13","3.0.1.1413","PSt7-10","180509-029","9/13/2019 10:47:01 AM","0000-00","0","no battery","V"
"08/17/2021","10:07:08","10","default","328281339","OXY_CH10","9.135","min","186.794","μmol/L","Humid","21.503","deg","104009","µV","27.946","°C","1015.000","hPa","35.0","pmil","0","55.560","deg","20.000","°C","100.000","%a.s.","22.340","deg","20.000","°C","962.000","hPa","0.861","-0.02617","0.00035","0","0","13.56","Humid","31.50","0","54.10","281055.42","SABD0002000014","AAV2.0.0.13","3.0.1.1413","PSt7-10","180509-029","9/13/2019 10:47:01 AM","0000-00","0","no battery","V"
"08/17/2021","10:07:09","10","default","328281339","OXY_CH10","9.152","min","186.727","μmol/L","Humid","21.505","deg","104007","µV","27.952","°C","1015.000","hPa","35.0","pmil","0","55.560","deg","20.000","°C","100.000","%a.s.","22.340","deg","20.000","°C","962.000","hPa","0.861","-0.02617","0.00035","0","0","13.56","Humid","31.50","0","54.10","281054.11","SABD0002000014","AAV2.0.0.13","3.0.1.1413","PSt7-10","180509-029","9/13/2019 10:47:01 AM","0000-00","0","no battery","V"
"08/17/2021","10:07:10","10","default","328281339","OXY_CH10","9.169","min","186.777","μmol/L","Humid","21.504","deg","104007","µV","27.946","°C","1015.000","hPa","35.0","pmil","0","55.560","deg","20.000","°C","100.000","%a.s.","22.340","deg","20.000","°C","962.000","hPa","0.861","-0.02617","0.00035","0","0","13.56","Humid","31.50","0","54.10","281070.19","SABD0002000014","AAV2.0.0.13","3.0.1.1413","PSt7-10","180509-029","9/13/2019 10:47:01 AM","0000-00","0","no battery","V"
"08/17/2021","10:07:11","10","default","328281339","OXY_CH10","9.185","min","186.776","μmol/L","Humid","21.502","deg","104007","µV","27.952","°C","1015.000","hPa","35.0","pmil","0","55.560","deg","20.000","°C","100.000","%a.s.","22.340","deg","20.000","°C","962.000","hPa","0.861","-0.02617","0.00035","0","0","13.56","Humid","31.50","0","54.10","281054.04","SABD0002000014","AAV2.0.0.13","3.0.1.1413","PSt7-10","180509-029","9/13/2019 10:47:01 AM","0000-00","0","no battery","V"
"08/17/2021","10:07:12","10","default","328281339","OXY_CH10","9.202","min","186.841","μmol/L","Humid","21.498","deg","103991","µV","27.952","°C","1015.000","hPa","35.0","pmil","0","55.560","deg","20.000","°C","100.000","%a.s.","22.340","deg","20.000","°C","962.000","hPa","0.861","-0.02617","0.00035","0","0","13.56","Humid","31.50","0","54.10","281048.18","SABD0002000014","AAV2.0.0.13","3.0.1.1413","PSt7-10","180509-029","9/13/2019 10:47:01 AM","0000-00","0","no battery","V"
"08/17/2021","10:07:13","10","default","328281339","OXY_CH10","9.219","min","186.876","μmol/L","Humid","21.498","deg","103983","µV","27.946","°C","1015.000","hPa","35.0","pmil","0","55.560","deg","20.000","°C","100.000","%a.s.","22.340","deg","20.000","°C","962.000","hPa","0.861","-0.02617","0.00035","0","0","13.56","Humid","31.50","0","54.10","281053.12","SABD0002000014","AAV2.0.0.13","3.0.1.1413","PSt7-10","180509-029","9/13/2019 10:47:01 AM","0000-00","0","no battery","V"
"08/17/2021","10:07:14","10","default","328281339","OXY_CH10","9.235","min","186.827","μmol/L","Humid","21.501","deg","103985","µV","27.946","°C","1015.000","hPa","35.0","pmil","0","55.560","deg","20.000","°C","100.000","%a.s.","22.340","deg","20.000","°C","962.000","hPa","0.861","-0.02617","0.00035","0","0","13.56","Humid","31.50","0","54.10","281048.53","SABD0002000014","AAV2.0.0.13","3.0.1.1413","PSt7-10","180509-029","9/13/2019 10:47:01 AM","0000-00","0","no battery","V"
"08/17/2021","10:07:15","10","default","328281339","OXY_CH10","9.252","min","186.907","μmol/L","Humid","21.494","deg","103984","µV","27.952","°C","1015.000","hPa","35.0","pmil","0","55.560","deg","20.000","°C","100.000","%a.s.","22.340","deg","20.000","°C","962.000","hPa","0.861","-0.02617","0.00035","0","0","13.56","Humid","31.50","0","54.10","281057.01","SABD0002000014","AAV2.0.0.13","3.0.1.1413","PSt7-10","180509-029","9/13/2019 10:47:01 AM","0000-00","0","no battery","V"
"08/17/2021","10:07:16","10","default","328281339","OXY_CH10","9.269","min","186.858","μmol/L","Humid","21.497","deg","103984","µV","27.952","°C","1015.000","hPa","35.0","pmil","0","55.560","deg","20.000","°C","100.000","%a.s.","22.340","deg","20.000","°C","962.000","hPa","0.861","-0.02617","0.00035","0","0","13.56","Humid","31.50","0","54.10","281049.84","SABD0002000014","AAV2.0.0.13","3.0.1.1413","PSt7-10","180509-029","9/13/2019 10:47:01 AM","0000-00","0","no battery","V"
"08/17/2021","10:07:17","10","default","328281339","OXY_CH10","9.286","min","186.959","μmol/L","Humid","21.495","deg","103971","µV","27.939","°C","1015.000","hPa","35.0","pmil","0","55.560","deg","20.000","°C","100.000","%a.s.","22.340","deg","20.000","°C","962.000","hPa","0.861","-0.02617","0.00035","0","0","13.56","Humid","31.50","0","54.10","281059.25","SABD0002000014","AAV2.0.0.13","3.0.1.1413","PSt7-10","180509-029","9/13/2019 10:47:01 AM","0000-00","0","no battery","V"
"08/17/2021","10:07:18","10","default","328281339","OXY_CH10","9.302","min","186.908","μmol/L","Humid","21.496","deg","103966","µV","27.946","°C","1015.000","hPa","35.0","pmil","0","55.560","deg","20.000","°C","100.000","%a.s.","22.340","deg","20.000","°C","962.000","hPa","0.861","-0.02617","0.00035","0","0","13.56","Humid","31.50","0","54.10","281051.28","SABD0002000014","AAV2.0.0.13","3.0.1.1413","PSt7-10","180509-029","9/13/2019 10:47:01 AM","0000-00","0","no battery","V"
"08/17/2021","10:07:19","10","default","328281339","OXY_CH10","9.319","min","186.925","μmol/L","Humid","21.495","deg","103956","µV","27.946","°C","1015.000","hPa","35.0","pmil","0","55.560","deg","20.000","°C","100.000","%a.s.","22.340","deg","20.000","°C","962.000","hPa","0.861","-0.02617","0.00035","0","0","13.56","Humid","31.50","0","54.10","281053.88","SABD0002000014","AAV2.0.0.13","3.0.1.1413","PSt7-10","180509-029","9/13/2019 10:47:01 AM","0000-00","0","no battery","V"
"08/17/2021","10:07:20","10","default","328281339","OXY_CH10","9.336","min","186.940","μmol/L","Humid","21.492","deg","103969","µV","27.952","°C","1015.000","hPa","35.0","pmil","0","55.560","deg","20.000","°C","100.000","%a.s.","22.340","deg","20.000","°C","962.000","hPa","0.861","-0.02617","0.00035","0","0","13.56","Humid","31.50","0","54.10","281053.66","SABD0002000014","AAV2.0.0.13","3.0.1.1413","PSt7-10","180509-029","9/13/2019 10:47:01 AM","0000-00","0","no battery","V"
"08/17/2021","10:07:21","10","default","328281339","OXY_CH10","9.352","min","186.907","μmol/L","Humid","21.494","deg","103960","µV","27.952","°C","1015.000","hPa","35.0","pmil","0","55.560","deg","20.000","°C","100.000","%a.s.","22.340","deg","20.000","°C","962.000","hPa","0.861","-0.02617","0.00035","0","0","13.56","Humid","31.50","0","54.10","281046.89","SABD0002000014","AAV2.0.0.13","3.0.1.1413","PSt7-10","180509-029","9/13/2019 10:47:01 AM","0000-00","0","no battery","V"
"08/17/2021","10:07:22","10","default","328281339","OXY_CH10","9.369","min","186.922","μmol/L","Humid","21.491","deg","103949","µV","27.958","°C","1015.000","hPa","35.0","pmil","0","55.560","deg","20.000","°C","100.000","%a.s.","22.340","deg","20.000","°C","962.000","hPa","0.861","-0.02617","0.00035","0","0","13.56","Humid","31.50","0","54.10","281044.08","SABD0002000014","AAV2.0.0.13","3.0.1.1413","PSt7-10","180509-029","9/13/2019 10:47:01 AM","0000-00","0","no battery","V"
"08/17/2021","10:07:23","10","default","328281339","OXY_CH10","9.386","min","186.907","μmol/L","Humid","21.494","deg","103952","µV","27.952","°C","1015.000","hPa","35.0","pmil","0","55.560","deg","20.000","°C","100.000","%a.s.","22.340","deg","20.000","°C","962.000","hPa","0.861","-0.02617","0.00035","0","0","13.56","Humid","31.50","0","54.10","281036.88","SABD0002000014","AAV2.0.0.13","3.0.1.1413","PSt7-10","180509-029","9/13/2019 10:47:01 AM","0000-00","0","no battery","V"
"08/17/2021","10:07:24","10","default","328281339","OXY_CH10","9.402","min","186.941","μmol/L","Humid","21.494","deg","103941","µV","27.946","°C","1015.000","hPa","35.0","pmil","0","55.560","deg","20.000","°C","100.000","%a.s.","22.340","deg","20.000","°C","962.000","hPa","0.861","-0.02617","0.00035","0","0","13.56","Humid","31.50","0","54.10","281044.26","SABD0002000014","AAV2.0.0.13","3.0.1.1413","PSt7-10","180509-029","9/13/2019 10:47:01 AM","0000-00","0","no battery","V"
"08/17/2021","10:07:25","10","default","328281339","OXY_CH10","9.419","min","186.956","μmol/L","Humid","21.491","deg","103944","µV","27.952","°C","1015.000","hPa","35.0","pmil","0","55.560","deg","20.000","°C","100.000","%a.s.","22.340","deg","20.000","°C","962.000","hPa","0.861","-0.02617","0.00035","0","0","13.56","Humid","31.50","0","54.10","281045.21","SABD0002000014","AAV2.0.0.13","3.0.1.1413","PSt7-10","180509-029","9/13/2019 10:47:01 AM","0000-00","0","no battery","V"
"08/17/2021","10:07:26","10","default","328281339","OXY_CH10","9.436","min","187.023","μmol/L","Humid","21.489","deg","103936","µV","27.946","°C","1015.000","hPa","35.0","pmil","0","55.560","deg","20.000","°C","100.000","%a.s.","22.340","deg","20.000","°C","962.000","hPa","0.861","-0.02617","0.00035","0","0","13.56","Humid","31.50","0","54.10","281041.68","SABD0002000014","AAV2.0.0.13","3.0.1.1413","PSt7-10","180509-029","9/13/2019 10:47:01 AM","0000-00","0","no battery","V"
"08/17/2021","10:07:27","10","default","328281339","OXY_CH10","9.452","min","186.972","μmol/L","Humid","21.490","deg","103932","µV","27.952","°C","1015.000","hPa","35.0","pmil","0","55.560","deg","20.000","°C","100.000","%a.s.","22.340","deg","20.000","°C","962.000","hPa","0.861","-0.02617","0.00035","0","0","13.56","Humid","31.50","0","54.10","281039.64","SABD0002000014","AAV2.0.0.13","3.0.1.1413","PSt7-10","180509-029","9/13/2019 10:47:01 AM","0000-00","0","no battery","V"
"08/17/2021","10:07:28","10","default","328281339","OXY_CH10","9.469","min","186.956","μmol/L","Humid","21.491","deg","103934","µV","27.952","°C","1015.000","hPa","35.0","pmil","0","55.560","deg","20.000","°C","100.000","%a.s.","22.340","deg","20.000","°C","962.000","hPa","0.861","-0.02617","0.00035","0","0","13.56","Humid","31.50","0","54.10","281038.50","SABD0002000014","AAV2.0.0.13","3.0.1.1413","PSt7-10","180509-029","9/13/2019 10:47:01 AM","0000-00","0","no battery","V"
"08/17/2021","10:07:29","10","default","328281339","OXY_CH10","9.486","min","187.005","μmol/L","Humid","21.488","deg","103940","µV","27.952","°C","1015.000","hPa","35.0","pmil","0","55.560","deg","20.000","°C","100.000","%a.s.","22.340","deg","20.000","°C","962.000","hPa","0.861","-0.02617","0.00035","0","0","13.56","Humid","31.50","0","54.10","281043.48","SABD0002000014","AAV2.0.0.13","3.0.1.1413","PSt7-10","180509-029","9/13/2019 10:47:01 AM","0000-00","0","no battery","V"
"08/17/2021","10:07:30","10","default","328281339","OXY_CH10","9.502","min","186.953","μmol/L","Humid","21.487","deg","103933","µV","27.964","°C","1015.000","hPa","35.0","pmil","0","55.560","deg","20.000","°C","100.000","%a.s.","22.340","deg","20.000","°C","962.000","hPa","0.861","-0.02617","0.00035","0","0","13.56","Humid","31.50","0","54.10","281042.75","SABD0002000014","AAV2.0.0.13","3.0.1.1413","PSt7-10","180509-029","9/13/2019 10:47:01 AM","0000-00","0","no battery","V"
"08/17/2021","10:07:31","10","default","328281339","OXY_CH10","9.518","min","187.071","μmol/L","Humid","21.484","deg","103920","µV","27.952","°C","1015.000","hPa","35.0","pmil","0","55.560","deg","20.000","°C","100.000","%a.s.","22.340","deg","20.000","°C","962.000","hPa","0.861","-0.02617","0.00035","0","0","13.56","Humid","31.50","0","54.10","281030.02","SABD0002000014","AAV2.0.0.13","3.0.1.1413","PSt7-10","180509-029","9/13/2019 10:47:01 AM","0000-00","0","no battery","V"
"08/17/2021","10:07:32","10","default","328281339","OXY_CH10","9.535","min","187.004","μmol/L","Humid","21.486","deg","103913","µV","27.958","°C","1015.000","hPa","35.0","pmil","0","55.560","deg","20.000","°C","100.000","%a.s.","22.340","deg","20.000","°C","962.000","hPa","0.861","-0.02617","0.00035","0","0","13.56","Humid","31.50","0","54.10","281048.25","SABD0002000014","AAV2.0.0.13","3.0.1.1413","PSt7-10","180509-029","9/13/2019 10:47:01 AM","0000-00","0","no battery","V"
"08/17/2021","10:07:33","10","default","328281339","OXY_CH10","9.552","min","187.054","μmol/L","Humid","21.485","deg","103915","µV","27.952","°C","1015.000","hPa","35.0","pmil","0","55.560","deg","20.000","°C","100.000","%a.s.","22.340","deg","20.000","°C","962.000","hPa","0.861","-0.02617","0.00035","0","0","13.56","Humid","31.50","0","54.10","281034.36","SABD0002000014","AAV2.0.0.13","3.0.1.1413","PSt7-10","180509-029","9/13/2019 10:47:01 AM","0000-00","0","no battery","V"
"08/17/2021","10:07:34","10","default","328281339","OXY_CH10","9.569","min","187.020","μmol/L","Humid","21.485","deg","103904","µV","27.958","°C","1015.000","hPa","35.0","pmil","0","55.560","deg","20.000","°C","100.000","%a.s.","22.340","deg","20.000","°C","962.000","hPa","0.861","-0.02617","0.00035","0","0","13.56","Humid","31.50","0","54.10","281047.71","SABD0002000014","AAV2.0.0.13","3.0.1.1413","PSt7-10","180509-029","9/13/2019 10:47:01 AM","0000-00","0","no battery","V"
"08/17/2021","10:07:35","10","default","328281339","OXY_CH10","9.586","min","186.971","μmol/L","Humid","21.488","deg","103899","µV","27.958","°C","1015.000","hPa","35.0","pmil","0","55.560","deg","20.000","°C","100.000","%a.s.","22.340","deg","20.000","°C","962.000","hPa","0.861","-0.02617","0.00035","0","0","13.56","Humid","31.50","0","54.10","281039.79","SABD0002000014","AAV2.0.0.13","3.0.1.1413","PSt7-10","180509-029","9/13/2019 10:47:01 AM","0000-00","0","no battery","V"
"08/17/2021","10:07:36","10","default","328281339","OXY_CH10","9.602","min","187.036","μmol/L","Humid","21.484","deg","103893","µV","27.958","°C","1015.000","hPa","35.0","pmil","0","55.560","deg","20.000","°C","100.000","%a.s.","22.340","deg","20.000","°C","962.000","hPa","0.861","-0.02617","0.00035","0","0","13.56","Humid","31.50","0","54.10","281026.19","SABD0002000014","AAV2.0.0.13","3.0.1.1413","PSt7-10","180509-029","9/13/2019 10:47:01 AM","0000-00","0","no battery","V"
"08/17/2021","10:07:37","10","default","328281339","OXY_CH10","9.619","min","187.054","μmol/L","Humid","21.485","deg","103890","µV","27.952","°C","1015.000","hPa","35.0","pmil","0","55.560","deg","20.000","°C","100.000","%a.s.","22.340","deg","20.000","°C","962.000","hPa","0.861","-0.02617","0.00035","0","0","13.56","Humid","31.50","0","54.10","281033.32","SABD0002000014","AAV2.0.0.13","3.0.1.1413","PSt7-10","180509-029","9/13/2019 10:47:01 AM","0000-00","0","no battery","V"
"08/17/2021","10:07:38","10","default","328281339","OXY_CH10","9.636","min","187.102","μmol/L","Humid","21.480","deg","103894","µV","27.958","°C","1015.000","hPa","35.0","pmil","0","55.560","deg","20.000","°C","100.000","%a.s.","22.340","deg","20.000","°C","962.000","hPa","0.861","-0.02617","0.00035","0","0","13.56","Humid","31.50","0","54.10","281035.55","SABD0002000014","AAV2.0.0.13","3.0.1.1413","PSt7-10","180509-029","9/13/2019 10:47:01 AM","0000-00","0","no battery","V"
"08/17/2021","10:07:39","10","default","328281339","OXY_CH10","9.652","min","187.118","μmol/L","Humid","21.479","deg","103887","µV","27.958","°C","1015.000","hPa","35.0","pmil","0","55.560","deg","20.000","°C","100.000","%a.s.","22.340","deg","20.000","°C","962.000","hPa","0.861","-0.02617","0.00035","0","0","13.56","Humid","31.50","0","54.10","281019.93","SABD0002000014","AAV2.0.0.13","3.0.1.1413","PSt7-10","180509-029","9/13/2019 10:47:01 AM","0000-00","0","no battery","V"
"08/17/2021","10:07:40","10","default","328281339","OXY_CH10","9.669","min","187.136","μmol/L","Humid","21.480","deg","103883","µV","27.952","°C","1015.000","hPa","35.0","pmil","0","55.560","deg","20.000","°C","100.000","%a.s.","22.340","deg","20.000","°C","962.000","hPa","0.861","-0.02617","0.00035","0","0","13.56","Humid","31.50","0","54.10","281037.76","SABD0002000014","AAV2.0.0.13","3.0.1.1413","PSt7-10","180509-029","9/13/2019 10:47:01 AM","0000-00","0","no battery","V"
"08/17/2021","10:07:41","10","default","328281339","OXY_CH10","9.686","min","187.135","μmol/L","Humid","21.478","deg","103875","µV","27.958","°C","1015.000","hPa","35.0","pmil","0","55.560","deg","20.000","°C","100.000","%a.s.","22.340","deg","20.000","°C","962.000","hPa","0.861","-0.02617","0.00035","0","0","13.56","Humid","31.50","0","54.10","281029.21","SABD0002000014","AAV2.0.0.13","3.0.1.1413","PSt7-10","180509-029","9/13/2019 10:47:01 AM","0000-00","0","no battery","V"
"08/17/2021","10:07:42","10","default","328281339","OXY_CH10","9.702","min","187.153","μmol/L","Humid","21.479","deg","103878","µV","27.952","°C","1015.000","hPa","35.0","pmil","0","55.560","deg","20.000","°C","100.000","%a.s.","22.340","deg","20.000","°C","962.000","hPa","0.861","-0.02617","0.00035","0","0","13.56","Humid","31.50","0","54.10","281032.41","SABD0002000014","AAV2.0.0.13","3.0.1.1413","PSt7-10","180509-029","9/13/2019 10:47:01 AM","0000-00","0","no battery","V"
"08/17/2021","10:07:43","10","default","328281339","OXY_CH10","9.719","min","187.153","μmol/L","Humid","21.479","deg","103870","µV","27.952","°C","1015.000","hPa","35.0","pmil","0","55.560","deg","20.000","°C","100.000","%a.s.","22.340","deg","20.000","°C","962.000","hPa","0.861","-0.02617","0.00035","0","0","13.56","Humid","31.50","0","54.10","281026.01","SABD0002000014","AAV2.0.0.13","3.0.1.1413","PSt7-10","180509-029","9/13/2019 10:47:01 AM","0000-00","0","no battery","V"
"08/17/2021","10:07:44","10","default","328281339","OXY_CH10","9.735","min","187.084","μmol/L","Humid","21.479","deg","103867","µV","27.964","°C","1015.000","hPa","35.0","pmil","0","55.560","deg","20.000","°C","100.000","%a.s.","22.340","deg","20.000","°C","962.000","hPa","0.861","-0.02617","0.00035","0","0","13.56","Humid","31.50","0","54.10","281031.54","SABD0002000014","AAV2.0.0.13","3.0.1.1413","PSt7-10","180509-029","9/13/2019 10:47:01 AM","0000-00","0","no battery","V"
"08/17/2021","10:07:45","10","default","328281339","OXY_CH10","9.752","min","187.102","μmol/L","Humid","21.480","deg","103861","µV","27.958","°C","1015.000","hPa","35.0","pmil","0","55.560","deg","20.000","°C","100.000","%a.s.","22.340","deg","20.000","°C","962.000","hPa","0.861","-0.02617","0.00035","0","0","13.56","Humid","31.50","0","54.10","281026.00","SABD0002000014","AAV2.0.0.13","3.0.1.1413","PSt7-10","180509-029","9/13/2019 10:47:01 AM","0000-00","0","no battery","V"
"08/17/2021","10:07:46","10","default","328281339","OXY_CH10","9.769","min","187.151","μmol/L","Humid","21.477","deg","103859","µV","27.958","°C","1015.000","hPa","35.0","pmil","0","55.560","deg","20.000","°C","100.000","%a.s.","22.340","deg","20.000","°C","962.000","hPa","0.861","-0.02617","0.00035","0","0","13.56","Humid","31.50","0","54.10","281022.74","SABD0002000014","AAV2.0.0.13","3.0.1.1413","PSt7-10","180509-029","9/13/2019 10:47:01 AM","0000-00","0","no battery","V"
"08/17/2021","10:07:47","10","default","328281339","OXY_CH10","9.786","min","187.185","μmol/L","Humid","21.477","deg","103861","µV","27.952","°C","1015.000","hPa","35.0","pmil","0","55.560","deg","20.000","°C","100.000","%a.s.","22.340","deg","20.000","°C","962.000","hPa","0.861","-0.02617","0.00035","0","0","13.56","Humid","31.50","0","54.10","281032.66","SABD0002000014","AAV2.0.0.13","3.0.1.1413","PSt7-10","180509-029","9/13/2019 10:47:01 AM","0000-00","0","no battery","V"
"08/17/2021","10:07:48","10","default","328281339","OXY_CH10","9.802","min","187.166","μmol/L","Humid","21.474","deg","103850","µV","27.964","°C","1015.000","hPa","35.0","pmil","0","55.560","deg","20.000","°C","100.000","%a.s.","22.340","deg","20.000","°C","962.000","hPa","0.861","-0.02617","0.00035","0","0","13.56","Humid","31.50","0","54.10","281016.88","SABD0002000014","AAV2.0.0.13","3.0.1.1413","PSt7-10","180509-029","9/13/2019 10:47:01 AM","0000-00","0","no battery","V"
"08/17/2021","10:07:49","10","default","328281339","OXY_CH10","9.819","min","187.135","μmol/L","Humid","21.478","deg","103849","µV","27.958","°C","1015.000","hPa","35.0","pmil","0","55.560","deg","20.000","°C","100.000","%a.s.","22.340","deg","20.000","°C","962.000","hPa","0.861","-0.02617","0.00035","0","0","13.56","Humid","31.50","0","54.10","281027.54","SABD0002000014","AAV2.0.0.13","3.0.1.1413","PSt7-10","180509-029","9/13/2019 10:47:01 AM","0000-00","0","no battery","V"
"08/17/2021","10:07:50","10","default","328281339","OXY_CH10","9.835","min","187.151","μmol/L","Humid","21.477","deg","103843","µV","27.958","°C","1015.000","hPa","35.0","pmil","0","55.560","deg","20.000","°C","100.000","%a.s.","22.340","deg","20.000","°C","962.000","hPa","0.861","-0.02617","0.00035","0","0","13.56","Humid","31.50","0","54.10","281019.70","SABD0002000014","AAV2.0.0.13","3.0.1.1413","PSt7-10","180509-029","9/13/2019 10:47:01 AM","0000-00","0","no battery","V"
"08/17/2021","10:07:51","10","default","328281339","OXY_CH10","9.852","min","187.168","μmol/L","Humid","21.476","deg","103844","µV","27.958","°C","1015.000","hPa","35.0","pmil","0","55.560","deg","20.000","°C","100.000","%a.s.","22.340","deg","20.000","°C","962.000","hPa","0.861","-0.02617","0.00035","0","0","13.56","Humid","31.50","0","54.10","281024.25","SABD0002000014","AAV2.0.0.13","3.0.1.1413","PSt7-10","180509-029","9/13/2019 10:47:01 AM","0000-00","0","no battery","V"
"08/17/2021","10:07:52","10","default","328281339","OXY_CH10","9.869","min","187.199","μmol/L","Humid","21.472","deg","103829","µV","27.964","°C","1015.000","hPa","35.0","pmil","0","55.560","deg","20.000","°C","100.000","%a.s.","22.340","deg","20.000","°C","962.000","hPa","0.861","-0.02617","0.00035","0","0","13.56","Humid","31.50","0","54.10","281023.38","SABD0002000014","AAV2.0.0.13","3.0.1.1413","PSt7-10","180509-029","9/13/2019 10:47:01 AM","0000-00","0","no battery","V"
"08/17/2021","10:07:53","10","default","328281339","OXY_CH10","9.885","min","187.166","μmol/L","Humid","21.474","deg","103828","µV","27.964","°C","1015.000","hPa","35.0","pmil","0","55.560","deg","20.000","°C","100.000","%a.s.","22.340","deg","20.000","°C","962.000","hPa","0.861","-0.02617","0.00035","0","0","13.56","Humid","31.50","0","54.10","281016.41","SABD0002000014","AAV2.0.0.13","3.0.1.1413","PSt7-10","180509-029","9/13/2019 10:47:01 AM","0000-00","0","no battery","V"
"08/17/2021","10:07:54","10","default","328281339","OXY_CH10","9.902","min","187.200","μmol/L","Humid","21.474","deg","103830","µV","27.958","°C","1015.000","hPa","35.0","pmil","0","55.560","deg","20.000","°C","100.000","%a.s.","22.340","deg","20.000","°C","962.000","hPa","0.861","-0.02617","0.00035","0","0","13.56","Humid","31.50","0","54.10","281020.02","SABD0002000014","AAV2.0.0.13","3.0.1.1413","PSt7-10","180509-029","9/13/2019 10:47:01 AM","0000-00","0","no battery","V"
"08/17/2021","10:07:55","10","default","328281339","OXY_CH10","9.919","min","187.250","μmol/L","Humid","21.471","deg","103824","µV","27.958","°C","1015.000","hPa","35.0","pmil","0","55.560","deg","20.000","°C","100.000","%a.s.","22.340","deg","20.000","°C","962.000","hPa","0.861","-0.02617","0.00035","0","0","13.56","Humid","31.50","0","54.10","281014.32","SABD0002000014","AAV2.0.0.13","3.0.1.1413","PSt7-10","180509-029","9/13/2019 10:47:01 AM","0000-00","0","no battery","V"
"08/17/2021","10:07:56","10","default","328281339","OXY_CH10","9.935","min","187.215","μmol/L","Humid","21.471","deg","103820","µV","27.964","°C","1015.000","hPa","35.0","pmil","0","55.560","deg","20.000","°C","100.000","%a.s.","22.340","deg","20.000","°C","962.000","hPa","0.861","-0.02617","0.00035","0","0","13.56","Humid","31.50","0","54.10","281007.12","SABD0002000014","AAV2.0.0.13","3.0.1.1413","PSt7-10","180509-029","9/13/2019 10:47:01 AM","0000-00","0","no battery","V"
"08/17/2021","10:07:57","10","default","328281339","OXY_CH10","9.952","min","187.266","μmol/L","Humid","21.470","deg","103816","µV","27.958","°C","1015.000","hPa","35.0","pmil","0","55.560","deg","20.000","°C","100.000","%a.s.","22.340","deg","20.000","°C","962.000","hPa","0.861","-0.02617","0.00035","0","0","13.56","Humid","31.50","0","54.10","281015.98","SABD0002000014","AAV2.0.0.13","3.0.1.1413","PSt7-10","180509-029","9/13/2019 10:47:01 AM","0000-00","0","no battery","V"
"08/17/2021","10:07:58","10","default","328281339","OXY_CH10","9.969","min","187.250","μmol/L","Humid","21.471","deg","103820","µV","27.958","°C","1015.000","hPa","35.0","pmil","0","55.560","deg","20.000","°C","100.000","%a.s.","22.340","deg","20.000","°C","962.000","hPa","0.861","-0.02617","0.00035","0","0","13.56","Humid","31.50","0","54.10","281011.69","SABD0002000014","AAV2.0.0.13","3.0.1.1413","PSt7-10","180509-029","9/13/2019 10:47:01 AM","0000-00","0","no battery","V"
"08/17/2021","10:07:59","10","default","328281339","OXY_CH10","9.985","min","187.233","μmol/L","Humid","21.472","deg","103806","µV","27.958","°C","1015.000","hPa","35.0","pmil","0","55.560","deg","20.000","°C","100.000","%a.s.","22.340","deg","20.000","°C","962.000","hPa","0.861","-0.02617","0.00035","0","0","13.56","Humid","31.50","0","54.10","281008.51","SABD0002000014","AAV2.0.0.13","3.0.1.1413","PSt7-10","180509-029","9/13/2019 10:47:01 AM","0000-00","0","no battery","V"
"08/17/2021","10:08:00","10","default","328281339","OXY_CH10","10.002","min","187.264","μmol/L","Humid","21.468","deg","103812","µV","27.964","°C","1015.000","hPa","35.0","pmil","0","55.560","deg","20.000","°C","100.000","%a.s.","22.340","deg","20.000","°C","962.000","hPa","0.861","-0.02617","0.00035","0","0","13.56","Humid","31.50","0","54.10","281005.97","SABD0002000014","AAV2.0.0.13","3.0.1.1413","PSt7-10","180509-029","9/13/2019 10:47:01 AM","0000-00","0","no battery","V"
"08/17/2021","10:08:01","10","default","328281339","OXY_CH10","10.019","min","187.232","μmol/L","Humid","21.470","deg","103807","µV","27.964","°C","1015.000","hPa","35.0","pmil","0","55.560","deg","20.000","°C","100.000","%a.s.","22.340","deg","20.000","°C","962.000","hPa","0.861","-0.02617","0.00035","0","0","13.56","Humid","31.50","0","54.10","281000.92","SABD0002000014","AAV2.0.0.13","3.0.1.1413","PSt7-10","180509-029","9/13/2019 10:47:01 AM","0000-00","0","no battery","V"
"08/17/2021","10:08:02","10","default","328281339","OXY_CH10","10.035","min","187.264","μmol/L","Humid","21.468","deg","103802","µV","27.964","°C","1015.000","hPa","35.0","pmil","0","55.560","deg","20.000","°C","100.000","%a.s.","22.340","deg","20.000","°C","962.000","hPa","0.861","-0.02617","0.00035","0","0","13.56","Humid","31.50","0","54.10","280997.04","SABD0002000014","AAV2.0.0.13","3.0.1.1413","PSt7-10","180509-029","9/13/2019 10:47:01 AM","0000-00","0","no battery","V"
"08/17/2021","10:08:03","10","default","328281339","OXY_CH10","10.052","min","187.314","μmol/L","Humid","21.465","deg","103803","µV","27.964","°C","1015.000","hPa","35.0","pmil","0","55.560","deg","20.000","°C","100.000","%a.s.","22.340","deg","20.000","°C","962.000","hPa","0.861","-0.02617","0.00035","0","0","13.56","Humid","31.50","0","54.10","281007.13","SABD0002000014","AAV2.0.0.13","3.0.1.1413","PSt7-10","180509-029","9/13/2019 10:47:01 AM","0000-00","0","no battery","V"
"08/17/2021","10:08:04","10","default","328281339","OXY_CH10","10.069","min","187.299","μmol/L","Humid","21.468","deg","103800","µV","27.958","°C","1015.000","hPa","35.0","pmil","0","55.560","deg","20.000","°C","100.000","%a.s.","22.340","deg","20.000","°C","962.000","hPa","0.861","-0.02617","0.00035","0","0","13.56","Humid","31.50","0","54.10","280999.31","SABD0002000014","AAV2.0.0.13","3.0.1.1413","PSt7-10","180509-029","9/13/2019 10:47:01 AM","0000-00","0","no battery","V"
"08/17/2021","10:08:05","10","default","328281339","OXY_CH10","10.085","min","187.348","μmol/L","Humid","21.465","deg","103790","µV","27.958","°C","1015.000","hPa","35.0","pmil","0","55.560","deg","20.000","°C","100.000","%a.s.","22.340","deg","20.000","°C","962.000","hPa","0.861","-0.02617","0.00035","0","0","13.56","Humid","31.50","0","54.10","281000.91","SABD0002000014","AAV2.0.0.13","3.0.1.1413","PSt7-10","180509-029","9/13/2019 10:47:01 AM","0000-00","0","no battery","V"
"08/17/2021","10:08:06","10","default","328281339","OXY_CH10","10.102","min","187.314","μmol/L","Humid","21.465","deg","103788","µV","27.964","°C","1015.000","hPa","35.0","pmil","0","55.560","deg","20.000","°C","100.000","%a.s.","22.340","deg","20.000","°C","962.000","hPa","0.861","-0.02617","0.00035","0","0","13.56","Humid","31.50","0","54.10","280989.38","SABD0002000014","AAV2.0.0.13","3.0.1.1413","PSt7-10","180509-029","9/13/2019 10:47:01 AM","0000-00","0","no battery","V"
"08/17/2021","10:08:07","10","default","328281339","OXY_CH10","10.119","min","187.264","μmol/L","Humid","21.468","deg","103791","µV","27.964","°C","1015.000","hPa","35.0","pmil","0","55.560","deg","20.000","°C","100.000","%a.s.","22.340","deg","20.000","°C","962.000","hPa","0.861","-0.02617","0.00035","0","0","13.56","Humid","31.50","0","54.10","281000.62","SABD0002000014","AAV2.0.0.13","3.0.1.1413","PSt7-10","180509-029","9/13/2019 10:47:01 AM","0000-00","0","no battery","V"
"08/17/2021","10:08:08","10","default","328281339","OXY_CH10","10.135","min","187.279","μmol/L","Humid","21.465","deg","103789","µV","27.970","°C","1015.000","hPa","35.0","pmil","0","55.560","deg","20.000","°C","100.000","%a.s.","22.340","deg","20.000","°C","962.000","hPa","0.861","-0.02617","0.00035","0","0","13.56","Humid","31.50","0","54.10","281002.96","SABD0002000014","AAV2.0.0.13","3.0.1.1413","PSt7-10","180509-029","9/13/2019 10:47:01 AM","0000-00","0","no battery","V"
"08/17/2021","10:08:09","10","default","328281339","OXY_CH10","10.152","min","187.345","μmol/L","Humid","21.461","deg","103785","µV","27.970","°C","1015.000","hPa","35.0","pmil","0","55.560","deg","20.000","°C","100.000","%a.s.","22.340","deg","20.000","°C","962.000","hPa","0.861","-0.02617","0.00035","0","0","13.56","Humid","31.50","0","54.10","280998.17","SABD0002000014","AAV2.0.0.13","3.0.1.1413","PSt7-10","180509-029","9/13/2019 10:47:01 AM","0000-00","0","no battery","V"
"08/17/2021","10:08:10","10","default","328281339","OXY_CH10","10.169","min","187.312","μmol/L","Humid","21.463","deg","103775","µV","27.970","°C","1015.000","hPa","35.0","pmil","0","55.560","deg","20.000","°C","100.000","%a.s.","22.340","deg","20.000","°C","962.000","hPa","0.861","-0.02617","0.00035","0","0","13.56","Humid","31.50","0","54.10","281003.93","SABD0002000014","AAV2.0.0.13","3.0.1.1413","PSt7-10","180509-029","9/13/2019 10:47:01 AM","0000-00","0","no battery","V"
"08/17/2021","10:08:11","10","default","328281339","OXY_CH10","10.186","min","187.448","μmol/L","Humid","21.461","deg","103770","µV","27.952","°C","1015.000","hPa","35.0","pmil","0","55.560","deg","20.000","°C","100.000","%a.s.","22.340","deg","20.000","°C","962.000","hPa","0.861","-0.02617","0.00035","0","0","13.56","Humid","31.50","0","54.10","280993.71","SABD0002000014","AAV2.0.0.13","3.0.1.1413","PSt7-10","180509-029","9/13/2019 10:47:01 AM","0000-00","0","no battery","V"
"08/17/2021","10:08:12","10","default","328281339","OXY_CH10","10.202","min","187.379","μmol/L","Humid","21.461","deg","103768","µV","27.964","°C","1015.000","hPa","35.0","pmil","0","55.560","deg","20.000","°C","100.000","%a.s.","22.340","deg","20.000","°C","962.000","hPa","0.861","-0.02617","0.00035","0","0","13.56","Humid","31.50","0","54.10","280986.86","SABD0002000014","AAV2.0.0.13","3.0.1.1413","PSt7-10","180509-029","9/13/2019 10:47:01 AM","0000-00","0","no battery","V"
"08/17/2021","10:08:13","10","default","328281339","OXY_CH10","10.219","min","187.311","μmol/L","Humid","21.461","deg","103769","µV","27.976","°C","1015.000","hPa","35.0","pmil","0","55.560","deg","20.000","°C","100.000","%a.s.","22.340","deg","20.000","°C","962.000","hPa","0.861","-0.02617","0.00035","0","0","13.56","Humid","31.50","0","54.10","280989.13","SABD0002000014","AAV2.0.0.13","3.0.1.1413","PSt7-10","180509-029","9/13/2019 10:47:01 AM","0000-00","0","no battery","V"
"08/17/2021","10:08:14","10","default","328281339","OXY_CH10","10.236","min","187.427","μmol/L","Humid","21.456","deg","103759","µV","27.970","°C","1015.000","hPa","35.0","pmil","0","55.560","deg","20.000","°C","100.000","%a.s.","22.340","deg","20.000","°C","962.000","hPa","0.861","-0.02617","0.00035","0","0","13.56","Humid","31.50","0","54.10","280996.28","SABD0002000014","AAV2.0.0.13","3.0.1.1413","PSt7-10","180509-029","9/13/2019 10:47:01 AM","0000-00","0","no battery","V"
"08/17/2021","10:08:15","10","default","328281339","OXY_CH10","10.252","min","187.363","μmol/L","Humid","21.462","deg","103765","µV","27.964","°C","1015.000","hPa","35.0","pmil","0","55.560","deg","20.000","°C","100.000","%a.s.","22.340","deg","20.000","°C","962.000","hPa","0.861","-0.02617","0.00035","0","0","13.56","Humid","31.50","0","54.10","280987.58","SABD0002000014","AAV2.0.0.13","3.0.1.1413","PSt7-10","180509-029","9/13/2019 10:47:01 AM","0000-00","0","no battery","V"
"08/17/2021","10:08:16","10","default","328281339","OXY_CH10","10.269","min","187.379","μmol/L","Humid","21.461","deg","103758","µV","27.964","°C","1015.000","hPa","35.0","pmil","0","55.560","deg","20.000","°C","100.000","%a.s.","22.340","deg","20.000","°C","962.000","hPa","0.861","-0.02617","0.00035","0","0","13.56","Humid","31.50","0","54.10","281000.10","SABD0002000014","AAV2.0.0.13","3.0.1.1413","PSt7-10","180509-029","9/13/2019 10:47:01 AM","0000-00","0","no battery","V"
"08/17/2021","10:08:17","10","default","328281339","OXY_CH10","10.286","min","187.512","μmol/L","Humid","21.455","deg","103747","µV","27.958","°C","1015.000","hPa","35.0","pmil","0","55.560","deg","20.000","°C","100.000","%a.s.","22.340","deg","20.000","°C","962.000","hPa","0.861","-0.02617","0.00035","0","0","13.56","Humid","31.50","0","54.10","280990.92","SABD0002000014","AAV2.0.0.13","3.0.1.1413","PSt7-10","180509-029","9/13/2019 10:47:01 AM","0000-00","0","no battery","V"
"08/17/2021","10:08:18","10","default","328281339","OXY_CH10","10.303","min","187.462","μmol/L","Humid","21.456","deg","103743","µV","27.964","°C","1015.000","hPa","35.0","pmil","0","55.560","deg","20.000","°C","100.000","%a.s.","22.340","deg","20.000","°C","962.000","hPa","0.861","-0.02617","0.00035","0","0","13.56","Humid","31.50","0","54.10","280993.19","SABD0002000014","AAV2.0.0.13","3.0.1.1413","PSt7-10","180509-029","9/13/2019 10:47:01 AM","0000-00","0","no battery","V"
"08/17/2021","10:08:19","10","default","328281339","OXY_CH10","10.319","min","187.478","μmol/L","Humid","21.455","deg","103735","µV","27.964","°C","1015.000","hPa","35.0","pmil","0","55.560","deg","20.000","°C","100.000","%a.s.","22.340","deg","20.000","°C","962.000","hPa","0.861","-0.02617","0.00035","0","0","13.56","Humid","31.50","0","54.10","280994.46","SABD0002000014","AAV2.0.0.13","3.0.1.1413","PSt7-10","180509-029","9/13/2019 10:47:01 AM","0000-00","0","no battery","V"
"08/17/2021","10:08:20","10","default","328281339","OXY_CH10","10.336","min","187.442","μmol/L","Humid","21.453","deg","103727","µV","27.976","°C","1015.000","hPa","35.0","pmil","0","55.560","deg","20.000","°C","100.000","%a.s.","22.340","deg","20.000","°C","962.000","hPa","0.861","-0.02617","0.00035","0","0","13.56","Humid","31.50","0","54.10","280987.92","SABD0002000014","AAV2.0.0.13","3.0.1.1413","PSt7-10","180509-029","9/13/2019 10:47:01 AM","0000-00","0","no battery","V"
"08/17/2021","10:08:21","10","default","328281339","OXY_CH10","10.352","min","187.460","μmol/L","Humid","21.454","deg","103728","µV","27.970","°C","1015.000","hPa","35.0","pmil","0","55.560","deg","20.000","°C","100.000","%a.s.","22.340","deg","20.000","°C","962.000","hPa","0.861","-0.02617","0.00035","0","0","13.56","Humid","31.50","0","54.10","280987.13","SABD0002000014","AAV2.0.0.13","3.0.1.1413","PSt7-10","180509-029","9/13/2019 10:47:01 AM","0000-00","0","no battery","V"
"08/17/2021","10:08:22","10","default","328281339","OXY_CH10","10.369","min","187.460","μmol/L","Humid","21.454","deg","103728","µV","27.970","°C","1015.000","hPa","35.0","pmil","0","55.560","deg","20.000","°C","100.000","%a.s.","22.340","deg","20.000","°C","962.000","hPa","0.861","-0.02617","0.00035","0","0","13.56","Humid","31.50","0","54.10","280985.10","SABD0002000014","AAV2.0.0.13","3.0.1.1413","PSt7-10","180509-029","9/13/2019 10:47:01 AM","0000-00","0","no battery","V"
"08/17/2021","10:08:23","10","default","328281339","OXY_CH10","10.385","min","187.511","μmol/L","Humid","21.453","deg","103718","µV","27.964","°C","1015.000","hPa","35.0","pmil","0","55.560","deg","20.000","°C","100.000","%a.s.","22.340","deg","20.000","°C","962.000","hPa","0.861","-0.02617","0.00035","0","0","13.56","Humid","31.50","0","54.10","280979.59","SABD0002000014","AAV2.0.0.13","3.0.1.1413","PSt7-10","180509-029","9/13/2019 10:47:01 AM","0000-00","0","no battery","V"
"08/17/2021","10:08:24","10","default","328281339","OXY_CH10","10.402","min","187.577","μmol/L","Humid","21.449","deg","103715","µV","27.964","°C","1015.000","hPa","35.0","pmil","0","55.560","deg","20.000","°C","100.000","%a.s.","22.340","deg","20.000","°C","962.000","hPa","0.861","-0.02617","0.00035","0","0","13.56","Humid","31.50","0","54.10","280977.52","SABD0002000014","AAV2.0.0.13","3.0.1.1413","PSt7-10","180509-029","9/13/2019 10:47:01 AM","0000-00","0","no battery","V"
"08/17/2021","10:08:25","10","default","328281339","OXY_CH10","10.419","min","187.577","μmol/L","Humid","21.449","deg","103712","µV","27.964","°C","1015.000","hPa","35.0","pmil","0","55.560","deg","20.000","°C","100.000","%a.s.","22.340","deg","20.000","°C","962.000","hPa","0.861","-0.02617","0.00035","0","0","13.56","Humid","31.50","0","54.10","280984.81","SABD0002000014","AAV2.0.0.13","3.0.1.1413","PSt7-10","180509-029","9/13/2019 10:47:01 AM","0000-00","0","no battery","V"
"08/17/2021","10:08:26","10","default","328281339","OXY_CH10","10.435","min","187.426","μmol/L","Humid","21.454","deg","103706","µV","27.976","°C","1015.000","hPa","35.0","pmil","0","55.560","deg","20.000","°C","100.000","%a.s.","22.340","deg","20.000","°C","962.000","hPa","0.861","-0.02617","0.00035","0","0","13.56","Humid","31.50","0","54.10","280976.66","SABD0002000014","AAV2.0.0.13","3.0.1.1413","PSt7-10","180509-029","9/13/2019 10:47:01 AM","0000-00","0","no battery","V"
"08/17/2021","10:08:27","10","default","328281339","OXY_CH10","10.452","min","187.544","μmol/L","Humid","21.451","deg","103707","µV","27.964","°C","1015.000","hPa","35.0","pmil","0","55.560","deg","20.000","°C","100.000","%a.s.","22.340","deg","20.000","°C","962.000","hPa","0.861","-0.02617","0.00035","0","0","13.56","Humid","31.50","0","54.10","280987.90","SABD0002000014","AAV2.0.0.13","3.0.1.1413","PSt7-10","180509-029","9/13/2019 10:47:01 AM","0000-00","0","no battery","V"
"08/17/2021","10:08:28","10","default","328281339","OXY_CH10","10.469","min","187.592","μmol/L","Humid","21.446","deg","103699","µV","27.970","°C","1015.000","hPa","35.0","pmil","0","55.560","deg","20.000","°C","100.000","%a.s.","22.340","deg","20.000","°C","962.000","hPa","0.861","-0.02617","0.00035","0","0","13.56","Humid","31.50","0","54.10","280983.45","SABD0002000014","AAV2.0.0.13","3.0.1.1413","PSt7-10","180509-029","9/13/2019 10:47:01 AM","0000-00","0","no battery","V"
"08/17/2021","10:08:29","10","default","328281339","OXY_CH10","10.486","min","187.610","μmol/L","Humid","21.447","deg","103700","µV","27.964","°C","1015.000","hPa","35.0","pmil","0","55.560","deg","20.000","°C","100.000","%a.s.","22.340","deg","20.000","°C","962.000","hPa","0.861","-0.02617","0.00035","0","0","13.56","Humid","31.50","0","54.10","280979.13","SABD0002000014","AAV2.0.0.13","3.0.1.1413","PSt7-10","180509-029","9/13/2019 10:47:01 AM","0000-00","0","no battery","V"
"08/17/2021","10:08:30","10","default","328281339","OXY_CH10","10.502","min","187.509","μmol/L","Humid","21.451","deg","103693","µV","27.970","°C","1015.000","hPa","35.0","pmil","0","55.560","deg","20.000","°C","100.000","%a.s.","22.340","deg","20.000","°C","962.000","hPa","0.861","-0.02617","0.00035","0","0","13.56","Humid","31.50","0","54.10","280979.36","SABD0002000014","AAV2.0.0.13","3.0.1.1413","PSt7-10","180509-029","9/13/2019 10:47:01 AM","0000-00","0","no battery","V"
"08/17/2021","10:08:31","10","default","328281339","OXY_CH10","10.519","min","187.506","μmol/L","Humid","21.447","deg","103696","µV","27.982","°C","1015.000","hPa","35.0","pmil","0","55.560","deg","20.000","°C","100.000","%a.s.","22.340","deg","20.000","°C","962.000","hPa","0.861","-0.02617","0.00035","0","0","13.56","Humid","31.50","0","54.10","280983.80","SABD0002000014","AAV2.0.0.13","3.0.1.1413","PSt7-10","180509-029","9/13/2019 10:47:01 AM","0000-00","0","no battery","V"
"08/17/2021","10:08:32","10","default","328281339","OXY_CH10","10.535","min","187.542","μmol/L","Humid","21.449","deg","103687","µV","27.970","°C","1015.000","hPa","35.0","pmil","0","55.560","deg","20.000","°C","100.000","%a.s.","22.340","deg","20.000","°C","962.000","hPa","0.861","-0.02617","0.00035","0","0","13.56","Humid","31.50","0","54.10","280967.55","SABD0002000014","AAV2.0.0.13","3.0.1.1413","PSt7-10","180509-029","9/13/2019 10:47:01 AM","0000-00","0","no battery","V"
"08/17/2021","10:08:33","10","default","328281339","OXY_CH10","10.552","min","187.641","μmol/L","Humid","21.443","deg","103689","µV","27.970","°C","1015.000","hPa","35.0","pmil","0","55.560","deg","20.000","°C","100.000","%a.s.","22.340","deg","20.000","°C","962.000","hPa","0.861","-0.02617","0.00035","0","0","13.56","Humid","31.50","0","54.10","280964.54","SABD0002000014","AAV2.0.0.13","3.0.1.1413","PSt7-10","180509-029","9/13/2019 10:47:01 AM","0000-00","0","no battery","V"
"08/17/2021","10:08:34","10","default","328281339","OXY_CH10","10.569","min","187.675","μmol/L","Humid","21.443","deg","103680","µV","27.964","°C","1015.000","hPa","35.0","pmil","0","55.560","deg","20.000","°C","100.000","%a.s.","22.340","deg","20.000","°C","962.000","hPa","0.861","-0.02617","0.00035","0","0","13.56","Humid","31.50","0","54.10","280973.01","SABD0002000014","AAV2.0.0.13","3.0.1.1413","PSt7-10","180509-029","9/13/2019 10:47:01 AM","0000-00","0","no battery","V"
"08/17/2021","10:08:35","10","default","328281339","OXY_CH10","10.585","min","187.623","μmol/L","Humid","21.442","deg","103681","µV","27.976","°C","1015.000","hPa","35.0","pmil","0","55.560","deg","20.000","°C","100.000","%a.s.","22.340","deg","20.000","°C","962.000","hPa","0.861","-0.02617","0.00035","0","0","13.56","Humid","31.50","0","54.10","280969.49","SABD0002000014","AAV2.0.0.13","3.0.1.1413","PSt7-10","180509-029","9/13/2019 10:47:01 AM","0000-00","0","no battery","V"
"08/17/2021","10:08:36","10","default","328281339","OXY_CH10","10.602","min","187.590","μmol/L","Humid","21.444","deg","103684","µV","27.976","°C","1015.000","hPa","35.0","pmil","0","55.560","deg","20.000","°C","100.000","%a.s.","22.340","deg","20.000","°C","962.000","hPa","0.861","-0.02617","0.00035","0","0","13.56","Humid","31.50","0","54.10","280972.12","SABD0002000014","AAV2.0.0.13","3.0.1.1413","PSt7-10","180509-029","9/13/2019 10:47:01 AM","0000-00","0","no battery","V"
"08/17/2021","10:08:37","10","default","328281339","OXY_CH10","10.618","min","187.624","μmol/L","Humid","21.444","deg","103680","µV","27.970","°C","1015.000","hPa","35.0","pmil","0","55.560","deg","20.000","°C","100.000","%a.s.","22.340","deg","20.000","°C","962.000","hPa","0.861","-0.02617","0.00035","0","0","13.56","Humid","31.50","0","54.10","280980.76","SABD0002000014","AAV2.0.0.13","3.0.1.1413","PSt7-10","180509-029","9/13/2019 10:47:01 AM","0000-00","0","no battery","V"
"08/17/2021","10:08:38","10","default","328281339","OXY_CH10","10.635","min","187.606","μmol/L","Humid","21.443","deg","103676","µV","27.976","°C","1015.000","hPa","35.0","pmil","0","55.560","deg","20.000","°C","100.000","%a.s.","22.340","deg","20.000","°C","962.000","hPa","0.861","-0.02617","0.00035","0","0","13.56","Humid","31.50","0","54.10","280971.23","SABD0002000014","AAV2.0.0.13","3.0.1.1413","PSt7-10","180509-029","9/13/2019 10:47:01 AM","0000-00","0","no battery","V"
"08/17/2021","10:08:39","10","default","328281339","OXY_CH10","10.653","min","187.606","μmol/L","Humid","21.443","deg","103676","µV","27.976","°C","1015.000","hPa","35.0","pmil","0","55.560","deg","20.000","°C","100.000","%a.s.","22.340","deg","20.000","°C","962.000","hPa","0.861","-0.02617","0.00035","0","0","13.56","Humid","31.50","0","54.10","280970.08","SABD0002000014","AAV2.0.0.13","3.0.1.1413","PSt7-10","180509-029","9/13/2019 10:47:01 AM","0000-00","0","no battery","V"
"08/17/2021","10:08:40","10","default","328281339","OXY_CH10","10.669","min","187.656","μmol/L","Humid","21.440","deg","103671","µV","27.976","°C","1015.000","hPa","35.0","pmil","0","55.560","deg","20.000","°C","100.000","%a.s.","22.340","deg","20.000","°C","962.000","hPa","0.861","-0.02617","0.00035","0","0","13.56","Humid","31.50","0","54.10","280973.48","SABD0002000014","AAV2.0.0.13","3.0.1.1413","PSt7-10","180509-029","9/13/2019 10:47:01 AM","0000-00","0","no battery","V"
"08/17/2021","10:08:41","10","default","328281339","OXY_CH10","10.686","min","187.588","μmol/L","Humid","21.442","deg","103661","µV","27.982","°C","1015.000","hPa","35.0","pmil","0","55.560","deg","20.000","°C","100.000","%a.s.","22.340","deg","20.000","°C","962.000","hPa","0.861","-0.02617","0.00035","0","0","13.56","Humid","31.50","0","54.10","280960.72","SABD0002000014","AAV2.0.0.13","3.0.1.1413","PSt7-10","180509-029","9/13/2019 10:47:01 AM","0000-00","0","no battery","V"
"08/17/2021","10:08:42","10","default","328281339","OXY_CH10","10.702","min","187.574","μmol/L","Humid","21.445","deg","103660","µV","27.976","°C","1015.000","hPa","35.0","pmil","0","55.560","deg","20.000","°C","100.000","%a.s.","22.340","deg","20.000","°C","962.000","hPa","0.861","-0.02617","0.00035","0","0","13.56","Humid","31.50","0","54.10","280961.70","SABD0002000014","AAV2.0.0.13","3.0.1.1413","PSt7-10","180509-029","9/13/2019 10:47:01 AM","0000-00","0","no battery","V"
"08/17/2021","10:08:43","10","default","328281339","OXY_CH10","10.719","min","187.588","μmol/L","Humid","21.442","deg","103656","µV","27.982","°C","1015.000","hPa","35.0","pmil","0","55.560","deg","20.000","°C","100.000","%a.s.","22.340","deg","20.000","°C","962.000","hPa","0.861","-0.02617","0.00035","0","0","13.56","Humid","31.50","0","54.10","280972.43","SABD0002000014","AAV2.0.0.13","3.0.1.1413","PSt7-10","180509-029","9/13/2019 10:47:01 AM","0000-00","0","no battery","V"
"08/17/2021","10:08:44","10","default","328281339","OXY_CH10","10.736","min","187.623","μmol/L","Humid","21.442","deg","103645","µV","27.976","°C","1015.000","hPa","35.0","pmil","0","55.560","deg","20.000","°C","100.000","%a.s.","22.340","deg","20.000","°C","962.000","hPa","0.861","-0.02617","0.00035","0","0","13.56","Humid","31.50","0","54.10","280970.51","SABD0002000014","AAV2.0.0.13","3.0.1.1413","PSt7-10","180509-029","9/13/2019 10:47:01 AM","0000-00","0","no battery","V"
"08/17/2021","10:08:45","10","default","328281339","OXY_CH10","10.753","min","187.656","μmol/L","Humid","21.440","deg","103632","µV","27.976","°C","1015.000","hPa","35.0","pmil","0","55.560","deg","20.000","°C","100.000","%a.s.","22.340","deg","20.000","°C","962.000","hPa","0.861","-0.02617","0.00035","0","0","13.56","Humid","31.50","0","54.10","280961.95","SABD0002000014","AAV2.0.0.13","3.0.1.1413","PSt7-10","180509-029","9/13/2019 10:47:01 AM","0000-00","0","no battery","V"
"08/17/2021","10:08:46","10","default","328281339","OXY_CH10","10.769","min","187.671","μmol/L","Humid","21.437","deg","103627","µV","27.982","°C","1015.000","hPa","35.0","pmil","0","55.560","deg","20.000","°C","100.000","%a.s.","22.340","deg","20.000","°C","962.000","hPa","0.861","-0.02617","0.00035","0","0","13.56","Humid","31.50","0","54.10","280952.68","SABD0002000014","AAV2.0.0.13","3.0.1.1413","PSt7-10","180509-029","9/13/2019 10:47:01 AM","0000-00","0","no battery","V"
"08/17/2021","10:08:47","10","default","328281339","OXY_CH10","10.786","min","187.621","μmol/L","Humid","21.440","deg","103634","µV","27.982","°C","1015.000","hPa","35.0","pmil","0","55.560","deg","20.000","°C","100.000","%a.s.","22.340","deg","20.000","°C","962.000","hPa","0.861","-0.02617","0.00035","0","0","13.56","Humid","31.50","0","54.10","280966.30","SABD0002000014","AAV2.0.0.13","3.0.1.1413","PSt7-10","180509-029","9/13/2019 10:47:01 AM","0000-00","0","no battery","V"
"08/17/2021","10:08:48","10","default","328281339","OXY_CH10","10.803","min","187.689","μmol/L","Humid","21.438","deg","103625","µV","27.976","°C","1015.000","hPa","35.0","pmil","0","55.560","deg","20.000","°C","100.000","%a.s.","22.340","deg","20.000","°C","962.000","hPa","0.861","-0.02617","0.00035","0","0","13.56","Humid","31.50","0","54.10","280965.78","SABD0002000014","AAV2.0.0.13","3.0.1.1413","PSt7-10","180509-029","9/13/2019 10:47:01 AM","0000-00","0","no battery","V"
"08/17/2021","10:08:49","10","default","328281339","OXY_CH10","10.819","min","187.789","μmol/L","Humid","21.434","deg","103615","µV","27.970","°C","1015.000","hPa","35.0","pmil","0","55.560","deg","20.000","°C","100.000","%a.s.","22.340","deg","20.000","°C","962.000","hPa","0.861","-0.02617","0.00035","0","0","13.56","Humid","31.50","0","54.10","280947.08","SABD0002000014","AAV2.0.0.13","3.0.1.1413","PSt7-10","180509-029","9/13/2019 10:47:01 AM","0000-00","0","no battery","V"
"08/17/2021","10:08:50","10","default","328281339","OXY_CH10","10.836","min","187.737","μmol/L","Humid","21.433","deg","103613","µV","27.982","°C","1015.000","hPa","35.0","pmil","0","55.560","deg","20.000","°C","100.000","%a.s.","22.340","deg","20.000","°C","962.000","hPa","0.861","-0.02617","0.00035","0","0","13.56","Humid","31.50","0","54.10","280956.67","SABD0002000014","AAV2.0.0.13","3.0.1.1413","PSt7-10","180509-029","9/13/2019 10:47:01 AM","0000-00","0","no battery","V"
"08/17/2021","10:08:51","10","default","328281339","OXY_CH10","10.852","min","187.722","μmol/L","Humid","21.436","deg","103612","µV","27.976","°C","1015.000","hPa","35.0","pmil","0","55.560","deg","20.000","°C","100.000","%a.s.","22.340","deg","20.000","°C","962.000","hPa","0.861","-0.02617","0.00035","0","0","13.56","Humid","31.50","0","54.10","280952.35","SABD0002000014","AAV2.0.0.13","3.0.1.1413","PSt7-10","180509-029","9/13/2019 10:47:01 AM","0000-00","0","no battery","V"
"08/17/2021","10:08:52","10","default","328281339","OXY_CH10","10.869","min","187.771","μmol/L","Humid","21.433","deg","103607","µV","27.976","°C","1015.000","hPa","35.0","pmil","0","55.560","deg","20.000","°C","100.000","%a.s.","22.340","deg","20.000","°C","962.000","hPa","0.861","-0.02617","0.00035","0","0","13.56","Humid","31.50","0","54.10","280959.56","SABD0002000014","AAV2.0.0.13","3.0.1.1413","PSt7-10","180509-029","9/13/2019 10:47:01 AM","0000-00","0","no battery","V"
"08/17/2021","10:08:53","10","default","328281339","OXY_CH10","10.886","min","187.821","μmol/L","Humid","21.430","deg","103592","µV","27.976","°C","1015.000","hPa","35.0","pmil","0","55.560","deg","20.000","°C","100.000","%a.s.","22.340","deg","20.000","°C","962.000","hPa","0.861","-0.02617","0.00035","0","0","13.56","Humid","31.50","0","54.10","280950.50","SABD0002000014","AAV2.0.0.13","3.0.1.1413","PSt7-10","180509-029","9/13/2019 10:47:01 AM","0000-00","0","no battery","V"
"08/17/2021","10:08:54","10","default","328281339","OXY_CH10","10.902","min","187.869","μmol/L","Humid","21.425","deg","103590","µV","27.982","°C","1015.000","hPa","35.0","pmil","0","55.560","deg","20.000","°C","100.000","%a.s.","22.340","deg","20.000","°C","962.000","hPa","0.861","-0.02617","0.00035","0","0","13.56","Humid","31.50","0","54.10","280952.53","SABD0002000014","AAV2.0.0.13","3.0.1.1413","PSt7-10","180509-029","9/13/2019 10:47:01 AM","0000-00","0","no battery","V"
"08/17/2021","10:08:55","10","default","328281339","OXY_CH10","10.919","min","187.836","μmol/L","Humid","21.427","deg","103582","µV","27.982","°C","1015.000","hPa","35.0","pmil","0","55.560","deg","20.000","°C","100.000","%a.s.","22.340","deg","20.000","°C","962.000","hPa","0.861","-0.02617","0.00035","0","0","13.56","Humid","31.50","0","54.10","280960.34","SABD0002000014","AAV2.0.0.13","3.0.1.1413","PSt7-10","180509-029","9/13/2019 10:47:01 AM","0000-00","0","no battery","V"
"08/17/2021","10:08:56","10","default","328281339","OXY_CH10","10.935","min","187.852","μmol/L","Humid","21.426","deg","103580","µV","27.982","°C","1015.000","hPa","35.0","pmil","0","55.560","deg","20.000","°C","100.000","%a.s.","22.340","deg","20.000","°C","962.000","hPa","0.861","-0.02617","0.00035","0","0","13.56","Humid","31.50","0","54.10","280949.50","SABD0002000014","AAV2.0.0.13","3.0.1.1413","PSt7-10","180509-029","9/13/2019 10:47:01 AM","0000-00","0","no battery","V"
"08/17/2021","10:08:57","10","default","328281339","OXY_CH10","10.952","min","187.854","μmol/L","Humid","21.428","deg","103568","µV","27.976","°C","1015.000","hPa","35.0","pmil","0","55.560","deg","20.000","°C","100.000","%a.s.","22.340","deg","20.000","°C","962.000","hPa","0.861","-0.02617","0.00035","0","0","13.56","Humid","31.50","0","54.10","280968.31","SABD0002000014","AAV2.0.0.13","3.0.1.1413","PSt7-10","180509-029","9/13/2019 10:47:01 AM","0000-00","0","no battery","V"
"08/17/2021","10:08:58","10","default","328281339","OXY_CH10","10.969","min","187.869","μmol/L","Humid","21.425","deg","103567","µV","27.982","°C","1015.000","hPa","35.0","pmil","0","55.560","deg","20.000","°C","100.000","%a.s.","22.340","deg","20.000","°C","962.000","hPa","0.861","-0.02617","0.00035","0","0","13.56","Humid","31.50","0","54.10","280949.01","SABD0002000014","AAV2.0.0.13","3.0.1.1413","PSt7-10","180509-029","9/13/2019 10:47:01 AM","0000-00","0","no battery","V"
"08/17/2021","10:08:59","10","default","328281339","OXY_CH10","10.985","min","187.901","μmol/L","Humid","21.423","deg","103566","µV","27.982","°C","1015.000","hPa","35.0","pmil","0","55.560","deg","20.000","°C","100.000","%a.s.","22.340","deg","20.000","°C","962.000","hPa","0.861","-0.02617","0.00035","0","0","13.56","Humid","31.50","0","54.10","280948.02","SABD0002000014","AAV2.0.0.13","3.0.1.1413","PSt7-10","180509-029","9/13/2019 10:47:01 AM","0000-00","0","no battery","V"
"08/17/2021","10:09:00","10","default","328281339","OXY_CH10","11.002","min","187.901","μmol/L","Humid","21.423","deg","103557","µV","27.982","°C","1015.000","hPa","35.0","pmil","0","55.560","deg","20.000","°C","100.000","%a.s.","22.340","deg","20.000","°C","962.000","hPa","0.861","-0.02617","0.00035","0","0","13.56","Humid","31.50","0","54.10","280954.40","SABD0002000014","AAV2.0.0.13","3.0.1.1413","PSt7-10","180509-029","9/13/2019 10:47:01 AM","0000-00","0","no battery","V"
"08/17/2021","10:09:01","10","default","328281339","OXY_CH10","11.019","min","187.934","μmol/L","Humid","21.421","deg","103560","µV","27.982","°C","1015.000","hPa","35.0","pmil","0","55.560","deg","20.000","°C","100.000","%a.s.","22.340","deg","20.000","°C","962.000","hPa","0.861","-0.02617","0.00035","0","0","13.56","Humid","31.50","0","54.10","280951.84","SABD0002000014","AAV2.0.0.13","3.0.1.1413","PSt7-10","180509-029","9/13/2019 10:47:01 AM","0000-00","0","no battery","V"
"08/17/2021","10:09:02","10","default","328281339","OXY_CH10","11.036","min","187.867","μmol/L","Humid","21.423","deg","103558","µV","27.988","°C","1015.000","hPa","35.0","pmil","0","55.560","deg","20.000","°C","100.000","%a.s.","22.340","deg","20.000","°C","962.000","hPa","0.861","-0.02617","0.00035","0","0","13.56","Humid","31.50","0","54.10","280957.84","SABD0002000014","AAV2.0.0.13","3.0.1.1413","PSt7-10","180509-029","9/13/2019 10:47:01 AM","0000-00","0","no battery","V"
"08/17/2021","10:09:03","10","default","328281339","OXY_CH10","11.052","min","187.934","μmol/L","Humid","21.421","deg","103549","µV","27.982","°C","1015.000","hPa","35.0","pmil","0","55.560","deg","20.000","°C","100.000","%a.s.","22.340","deg","20.000","°C","962.000","hPa","0.861","-0.02617","0.00035","0","0","13.56","Humid","31.50","0","54.10","280944.32","SABD0002000014","AAV2.0.0.13","3.0.1.1413","PSt7-10","180509-029","9/13/2019 10:47:01 AM","0000-00","0","no battery","V"
"08/17/2021","10:09:04","10","default","328281339","OXY_CH10","11.069","min","187.883","μmol/L","Humid","21.422","deg","103540","µV","27.988","°C","1015.000","hPa","35.0","pmil","0","55.560","deg","20.000","°C","100.000","%a.s.","22.340","deg","20.000","°C","962.000","hPa","0.861","-0.02617","0.00035","0","0","13.56","Humid","31.50","0","54.10","280955.73","SABD0002000014","AAV2.0.0.13","3.0.1.1413","PSt7-10","180509-029","9/13/2019 10:47:01 AM","0000-00","0","no battery","V"
"08/17/2021","10:09:05","10","default","328281339","OXY_CH10","11.086","min","187.916","μmol/L","Humid","21.420","deg","103542","µV","27.988","°C","1015.000","hPa","35.0","pmil","0","55.560","deg","20.000","°C","100.000","%a.s.","22.340","deg","20.000","°C","962.000","hPa","0.861","-0.02617","0.00035","0","0","13.56","Humid","31.50","0","54.10","280952.52","SABD0002000014","AAV2.0.0.13","3.0.1.1413","PSt7-10","180509-029","9/13/2019 10:47:01 AM","0000-00","0","no battery","V"
"08/17/2021","10:09:06","10","default","328281339","OXY_CH10","11.102","min","187.933","μmol/L","Humid","21.419","deg","103537","µV","27.988","°C","1015.000","hPa","35.0","pmil","0","55.560","deg","20.000","°C","100.000","%a.s.","22.340","deg","20.000","°C","962.000","hPa","0.861","-0.02617","0.00035","0","0","13.56","Humid","31.50","0","54.10","280938.11","SABD0002000014","AAV2.0.0.13","3.0.1.1413","PSt7-10","180509-029","9/13/2019 10:47:01 AM","0000-00","0","no battery","V"
"08/17/2021","10:09:07","10","default","328281339","OXY_CH10","11.119","min","187.984","μmol/L","Humid","21.418","deg","103532","µV","27.982","°C","1015.000","hPa","35.0","pmil","0","55.560","deg","20.000","°C","100.000","%a.s.","22.340","deg","20.000","°C","962.000","hPa","0.861","-0.02617","0.00035","0","0","13.56","Humid","31.50","0","54.10","280953.28","SABD0002000014","AAV2.0.0.13","3.0.1.1413","PSt7-10","180509-029","9/13/2019 10:47:01 AM","0000-00","0","no battery","V"
"08/17/2021","10:09:08","10","default","328281339","OXY_CH10","11.135","min","187.982","μmol/L","Humid","21.416","deg","103520","µV","27.988","°C","1015.000","hPa","35.0","pmil","0","55.560","deg","20.000","°C","100.000","%a.s.","22.340","deg","20.000","°C","962.000","hPa","0.861","-0.02617","0.00035","0","0","13.56","Humid","31.50","0","54.10","280941.87","SABD0002000014","AAV2.0.0.13","3.0.1.1413","PSt7-10","180509-029","9/13/2019 10:47:01 AM","0000-00","0","no battery","V"
"08/17/2021","10:09:09","10","default","328281339","OXY_CH10","11.152","min","187.966","μmol/L","Humid","21.417","deg","103518","µV","27.988","°C","1015.000","hPa","35.0","pmil","0","55.560","deg","20.000","°C","100.000","%a.s.","22.340","deg","20.000","°C","962.000","hPa","0.861","-0.02617","0.00035","0","0","13.56","Humid","31.50","0","54.10","280940.72","SABD0002000014","AAV2.0.0.13","3.0.1.1413","PSt7-10","180509-029","9/13/2019 10:47:01 AM","0000-00","0","no battery","V"
"08/17/2021","10:09:10","10","default","328281339","OXY_CH10","11.169","min","188.000","μmol/L","Humid","21.417","deg","103517","µV","27.982","°C","1015.000","hPa","35.0","pmil","0","55.560","deg","20.000","°C","100.000","%a.s.","22.340","deg","20.000","°C","962.000","hPa","0.861","-0.02617","0.00035","0","0","13.56","Humid","31.50","0","54.10","280947.50","SABD0002000014","AAV2.0.0.13","3.0.1.1413","PSt7-10","180509-029","9/13/2019 10:47:01 AM","0000-00","0","no battery","V"
"08/17/2021","10:09:11","10","default","328281339","OXY_CH10","11.185","min","188.052","μmol/L","Humid","21.416","deg","103518","µV","27.976","°C","1015.000","hPa","35.0","pmil","0","55.560","deg","20.000","°C","100.000","%a.s.","22.340","deg","20.000","°C","962.000","hPa","0.861","-0.02617","0.00035","0","0","13.56","Humid","31.50","0","54.10","280939.78","SABD0002000014","AAV2.0.0.13","3.0.1.1413","PSt7-10","180509-029","9/13/2019 10:47:01 AM","0000-00","0","no battery","V"
"08/17/2021","10:09:12","10","default","328281339","OXY_CH10","11.202","min","187.949","μmol/L","Humid","21.418","deg","103506","µV","27.988","°C","1015.000","hPa","35.0","pmil","0","55.560","deg","20.000","°C","100.000","%a.s.","22.340","deg","20.000","°C","962.000","hPa","0.861","-0.02617","0.00035","0","0","13.56","Humid","31.50","0","54.10","280942.59","SABD0002000014","AAV2.0.0.13","3.0.1.1413","PSt7-10","180509-029","9/13/2019 10:47:01 AM","0000-00","0","no battery","V"
"08/17/2021","10:09:13","10","default","328281339","OXY_CH10","11.219","min","188.048","μmol/L","Humid","21.412","deg","103506","µV","27.988","°C","1015.000","hPa","35.0","pmil","0","55.560","deg","20.000","°C","100.000","%a.s.","22.340","deg","20.000","°C","962.000","hPa","0.861","-0.02617","0.00035","0","0","13.56","Humid","31.50","0","54.10","280936.25","SABD0002000014","AAV2.0.0.13","3.0.1.1413","PSt7-10","180509-029","9/13/2019 10:47:01 AM","0000-00","0","no battery","V"
"08/17/2021","10:09:14","10","default","328281339","OXY_CH10","11.236","min","188.050","μmol/L","Humid","21.414","deg","103512","µV","27.982","°C","1015.000","hPa","35.0","pmil","0","55.560","deg","20.000","°C","100.000","%a.s.","22.340","deg","20.000","°C","962.000","hPa","0.861","-0.02617","0.00035","0","0","13.56","Humid","31.50","0","54.10","280947.14","SABD0002000014","AAV2.0.0.13","3.0.1.1413","PSt7-10","180509-029","9/13/2019 10:47:01 AM","0000-00","0","no battery","V"
"08/17/2021","10:09:15","10","default","328281339","OXY_CH10","11.252","min","188.100","μmol/L","Humid","21.411","deg","103502","µV","27.982","°C","1015.000","hPa","35.0","pmil","0","55.560","deg","20.000","°C","100.000","%a.s.","22.340","deg","20.000","°C","962.000","hPa","0.861","-0.02617","0.00035","0","0","13.56","Humid","31.50","0","54.10","280940.97","SABD0002000014","AAV2.0.0.13","3.0.1.1413","PSt7-10","180509-029","9/13/2019 10:47:01 AM","0000-00","0","no battery","V"
"08/17/2021","10:09:16","10","default","328281339","OXY_CH10","11.269","min","188.015","μmol/L","Humid","21.414","deg","103493","µV","27.988","°C","1015.000","hPa","35.0","pmil","0","55.560","deg","20.000","°C","100.000","%a.s.","22.340","deg","20.000","°C","962.000","hPa","0.861","-0.02617","0.00035","0","0","13.56","Humid","31.50","0","54.10","280939.61","SABD0002000014","AAV2.0.0.13","3.0.1.1413","PSt7-10","180509-029","9/13/2019 10:47:01 AM","0000-00","0","no battery","V"
"08/17/2021","10:09:17","10","default","328281339","OXY_CH10","11.286","min","188.050","μmol/L","Humid","21.414","deg","103492","µV","27.982","°C","1015.000","hPa","35.0","pmil","0","55.560","deg","20.000","°C","100.000","%a.s.","22.340","deg","20.000","°C","962.000","hPa","0.861","-0.02617","0.00035","0","0","13.56","Humid","31.50","0","54.10","280935.40","SABD0002000014","AAV2.0.0.13","3.0.1.1413","PSt7-10","180509-029","9/13/2019 10:47:01 AM","0000-00","0","no battery","V"
"08/17/2021","10:09:18","10","default","328281339","OXY_CH10","11.302","min","188.050","μmol/L","Humid","21.414","deg","103491","µV","27.982","°C","1015.000","hPa","35.0","pmil","0","55.560","deg","20.000","°C","100.000","%a.s.","22.340","deg","20.000","°C","962.000","hPa","0.861","-0.02617","0.00035","0","0","13.56","Humid","31.50","0","54.10","280934.59","SABD0002000014","AAV2.0.0.13","3.0.1.1413","PSt7-10","180509-029","9/13/2019 10:47:01 AM","0000-00","0","no battery","V"
"08/17/2021","10:09:19","10","default","328281339","OXY_CH10","11.319","min","188.065","μmol/L","Humid","21.411","deg","103480","µV","27.988","°C","1015.000","hPa","35.0","pmil","0","55.560","deg","20.000","°C","100.000","%a.s.","22.340","deg","20.000","°C","962.000","hPa","0.861","-0.02617","0.00035","0","0","13.56","Humid","31.50","0","54.10","280931.74","SABD0002000014","AAV2.0.0.13","3.0.1.1413","PSt7-10","180509-029","9/13/2019 10:47:01 AM","0000-00","0","no battery","V"
"08/17/2021","10:09:20","10","default","328281339","OXY_CH10","11.336","min","188.083","μmol/L","Humid","21.412","deg","103479","µV","27.982","°C","1015.000","hPa","35.0","pmil","0","55.560","deg","20.000","°C","100.000","%a.s.","22.340","deg","20.000","°C","962.000","hPa","0.861","-0.02617","0.00035","0","0","13.56","Humid","31.50","0","54.10","280936.45","SABD0002000014","AAV2.0.0.13","3.0.1.1413","PSt7-10","180509-029","9/13/2019 10:47:01 AM","0000-00","0","no battery","V"
"08/17/2021","10:09:21","10","default","328281339","OXY_CH10","11.352","min","188.030","μmol/L","Humid","21.411","deg","103476","µV","27.995","°C","1015.000","hPa","35.0","pmil","0","55.560","deg","20.000","°C","100.000","%a.s.","22.340","deg","20.000","°C","962.000","hPa","0.861","-0.02617","0.00035","0","0","13.56","Humid","31.50","0","54.10","280924.46","SABD0002000014","AAV2.0.0.13","3.0.1.1413","PSt7-10","180509-029","9/13/2019 10:47:01 AM","0000-00","0","no battery","V"
"08/17/2021","10:09:22","10","default","328281339","OXY_CH10","11.369","min","188.047","μmol/L","Humid","21.410","deg","103473","µV","27.995","°C","1015.000","hPa","35.0","pmil","0","55.560","deg","20.000","°C","100.000","%a.s.","22.340","deg","20.000","°C","962.000","hPa","0.861","-0.02617","0.00035","0","0","13.56","Humid","31.50","0","54.10","280936.29","SABD0002000014","AAV2.0.0.13","3.0.1.1413","PSt7-10","180509-029","9/13/2019 10:47:01 AM","0000-00","0","no battery","V"
"08/17/2021","10:09:23","10","default","328281339","OXY_CH10","11.385","min","188.098","μmol/L","Humid","21.409","deg","103466","µV","27.988","°C","1015.000","hPa","35.0","pmil","0","55.560","deg","20.000","°C","100.000","%a.s.","22.340","deg","20.000","°C","962.000","hPa","0.861","-0.02617","0.00035","0","0","13.56","Humid","31.50","0","54.10","280929.59","SABD0002000014","AAV2.0.0.13","3.0.1.1413","PSt7-10","180509-029","9/13/2019 10:47:01 AM","0000-00","0","no battery","V"
"08/17/2021","10:09:24","10","default","328281339","OXY_CH10","11.402","min","188.098","μmol/L","Humid","21.409","deg","103475","µV","27.988","°C","1015.000","hPa","35.0","pmil","0","55.560","deg","20.000","°C","100.000","%a.s.","22.340","deg","20.000","°C","962.000","hPa","0.861","-0.02617","0.00035","0","0","13.56","Humid","31.50","0","54.10","280937.18","SABD0002000014","AAV2.0.0.13","3.0.1.1413","PSt7-10","180509-029","9/13/2019 10:47:01 AM","0000-00","0","no battery","V"
"08/17/2021","10:09:25","10","default","328281339","OXY_CH10","11.419","min","188.131","μmol/L","Humid","21.407","deg","103470","µV","27.988","°C","1015.000","hPa","35.0","pmil","0","55.560","deg","20.000","°C","100.000","%a.s.","22.340","deg","20.000","°C","962.000","hPa","0.861","-0.02617","0.00035","0","0","13.56","Humid","31.50","0","54.10","280928.61","SABD0002000014","AAV2.0.0.13","3.0.1.1413","PSt7-10","180509-029","9/13/2019 10:47:01 AM","0000-00","0","no battery","V"
"08/17/2021","10:09:26","10","default","328281339","OXY_CH10","11.435","min","188.181","μmol/L","Humid","21.404","deg","103468","µV","27.988","°C","1015.000","hPa","35.0","pmil","0","55.560","deg","20.000","°C","100.000","%a.s.","22.340","deg","20.000","°C","962.000","hPa","0.861","-0.02617","0.00035","0","0","13.56","Humid","31.50","0","54.10","280933.57","SABD0002000014","AAV2.0.0.13","3.0.1.1413","PSt7-10","180509-029","9/13/2019 10:47:01 AM","0000-00","0","no battery","V"
"08/17/2021","10:09:27","10","default","328281339","OXY_CH10","11.452","min","188.098","μmol/L","Humid","21.409","deg","103453","µV","27.988","°C","1015.000","hPa","35.0","pmil","0","55.560","deg","20.000","°C","100.000","%a.s.","22.340","deg","20.000","°C","962.000","hPa","0.861","-0.02617","0.00035","0","0","13.56","Humid","31.50","0","54.10","280934.42","SABD0002000014","AAV2.0.0.13","3.0.1.1413","PSt7-10","180509-029","9/13/2019 10:47:01 AM","0000-00","0","no battery","V"
"08/17/2021","10:09:28","10","default","328281339","OXY_CH10","11.469","min","188.098","μmol/L","Humid","21.409","deg","103459","µV","27.988","°C","1015.000","hPa","35.0","pmil","0","55.560","deg","20.000","°C","100.000","%a.s.","22.340","deg","20.000","°C","962.000","hPa","0.861","-0.02617","0.00035","0","0","13.56","Humid","31.50","0","54.10","280928.57","SABD0002000014","AAV2.0.0.13","3.0.1.1413","PSt7-10","180509-029","9/13/2019 10:47:01 AM","0000-00","0","no battery","V"
"08/17/2021","10:09:29","10","default","328281339","OXY_CH10","11.485","min","188.215","μmol/L","Humid","21.404","deg","103449","µV","27.982","°C","1015.000","hPa","35.0","pmil","0","55.560","deg","20.000","°C","100.000","%a.s.","22.340","deg","20.000","°C","962.000","hPa","0.861","-0.02617","0.00035","0","0","13.56","Humid","31.50","0","54.10","280936.22","SABD0002000014","AAV2.0.0.13","3.0.1.1413","PSt7-10","180509-029","9/13/2019 10:47:01 AM","0000-00","0","no battery","V"
"08/17/2021","10:09:30","10","default","328281339","OXY_CH10","11.502","min","188.281","μmol/L","Humid","21.400","deg","103456","µV","27.982","°C","1015.000","hPa","35.0","pmil","0","55.560","deg","20.000","°C","100.000","%a.s.","22.340","deg","20.000","°C","962.000","hPa","0.861","-0.02617","0.00035","0","0","13.56","Humid","31.50","0","54.10","280939.02","SABD0002000014","AAV2.0.0.13","3.0.1.1413","PSt7-10","180509-029","9/13/2019 10:47:01 AM","0000-00","0","no battery","V"
"08/17/2021","10:09:31","10","default","328281339","OXY_CH10","11.519","min","188.214","μmol/L","Humid","21.402","deg","103450","µV","27.988","°C","1015.000","hPa","35.0","pmil","0","55.560","deg","20.000","°C","100.000","%a.s.","22.340","deg","20.000","°C","962.000","hPa","0.861","-0.02617","0.00035","0","0","13.56","Humid","31.50","0","54.10","280925.39","SABD0002000014","AAV2.0.0.13","3.0.1.1413","PSt7-10","180509-029","9/13/2019 10:47:01 AM","0000-00","0","no battery","V"
"08/17/2021","10:09:32","10","default","328281339","OXY_CH10","11.536","min","188.265","μmol/L","Humid","21.401","deg","103442","µV","27.982","°C","1015.000","hPa","35.0","pmil","0","55.560","deg","20.000","°C","100.000","%a.s.","22.340","deg","20.000","°C","962.000","hPa","0.861","-0.02617","0.00035","0","0","13.56","Humid","31.50","0","54.10","280932.73","SABD0002000014","AAV2.0.0.13","3.0.1.1413","PSt7-10","180509-029","9/13/2019 10:47:01 AM","0000-00","0","no battery","V"
"08/17/2021","10:09:33","10","default","328281339","OXY_CH10","11.552","min","188.113","μmol/L","Humid","21.406","deg","103432","µV","27.995","°C","1015.000","hPa","35.0","pmil","0","55.560","deg","20.000","°C","100.000","%a.s.","22.340","deg","20.000","°C","962.000","hPa","0.861","-0.02617","0.00035","0","0","13.56","Humid","31.50","0","54.10","280919.53","SABD0002000014","AAV2.0.0.13","3.0.1.1413","PSt7-10","180509-029","9/13/2019 10:47:01 AM","0000-00","0","no battery","V"
"08/17/2021","10:09:34","10","default","328281339","OXY_CH10","11.569","min","188.179","μmol/L","Humid","21.402","deg","103429","µV","27.995","°C","1015.000","hPa","35.0","pmil","0","55.560","deg","20.000","°C","100.000","%a.s.","22.340","deg","20.000","°C","962.000","hPa","0.861","-0.02617","0.00035","0","0","13.56","Humid","31.50","0","54.10","280918.20","SABD0002000014","AAV2.0.0.13","3.0.1.1413","PSt7-10","180509-029","9/13/2019 10:47:01 AM","0000-00","0","no battery","V"
"08/17/2021","10:09:35","10","default","328281339","OXY_CH10","11.586","min","188.229","μmol/L","Humid","21.399","deg","103430","µV","27.995","°C","1015.000","hPa","35.0","pmil","0","55.560","deg","20.000","°C","100.000","%a.s.","22.340","deg","20.000","°C","962.000","hPa","0.861","-0.02617","0.00035","0","0","13.56","Humid","31.50","0","54.10","280929.55","SABD0002000014","AAV2.0.0.13","3.0.1.1413","PSt7-10","180509-029","9/13/2019 10:47:01 AM","0000-00","0","no battery","V"
"08/17/2021","10:09:36","10","default","328281339","OXY_CH10","11.602","min","188.197","μmol/L","Humid","21.403","deg","103422","µV","27.988","°C","1015.000","hPa","35.0","pmil","0","55.560","deg","20.000","°C","100.000","%a.s.","22.340","deg","20.000","°C","962.000","hPa","0.861","-0.02617","0.00035","0","0","13.56","Humid","31.50","0","54.10","280928.01","SABD0002000014","AAV2.0.0.13","3.0.1.1413","PSt7-10","180509-029","9/13/2019 10:47:01 AM","0000-00","0","no battery","V"
"08/17/2021","10:09:37","10","default","328281339","OXY_CH10","11.619","min","188.230","μmol/L","Humid","21.401","deg","103429","µV","27.988","°C","1015.000","hPa","35.0","pmil","0","55.560","deg","20.000","°C","100.000","%a.s.","22.340","deg","20.000","°C","962.000","hPa","0.861","-0.02617","0.00035","0","0","13.56","Humid","31.50","0","54.10","280935.20","SABD0002000014","AAV2.0.0.13","3.0.1.1413","PSt7-10","180509-029","9/13/2019 10:47:01 AM","0000-00","0","no battery","V"
"08/17/2021","10:09:38","10","default","328281339","OXY_CH10","11.636","min","188.214","μmol/L","Humid","21.402","deg","103417","µV","27.988","°C","1015.000","hPa","35.0","pmil","0","55.560","deg","20.000","°C","100.000","%a.s.","22.340","deg","20.000","°C","962.000","hPa","0.861","-0.02617","0.00035","0","0","13.56","Humid","31.50","0","54.10","280918.96","SABD0002000014","AAV2.0.0.13","3.0.1.1413","PSt7-10","180509-029","9/13/2019 10:47:01 AM","0000-00","0","no battery","V"
"08/17/2021","10:09:39","10","default","328281339","OXY_CH10","11.652","min","188.214","μmol/L","Humid","21.402","deg","103410","µV","27.988","°C","1015.000","hPa","35.0","pmil","0","55.560","deg","20.000","°C","100.000","%a.s.","22.340","deg","20.000","°C","962.000","hPa","0.861","-0.02617","0.00035","0","0","13.56","Humid","31.50","0","54.10","280923.80","SABD0002000014","AAV2.0.0.13","3.0.1.1413","PSt7-10","180509-029","9/13/2019 10:47:01 AM","0000-00","0","no battery","V"
"08/17/2021","10:09:40","10","default","328281339","OXY_CH10","11.669","min","188.229","μmol/L","Humid","21.399","deg","103417","µV","27.995","°C","1015.000","hPa","35.0","pmil","0","55.560","deg","20.000","°C","100.000","%a.s.","22.340","deg","20.000","°C","962.000","hPa","0.861","-0.02617","0.00035","0","0","13.56","Humid","31.50","0","54.10","280924.09","SABD0002000014","AAV2.0.0.13","3.0.1.1413","PSt7-10","180509-029","9/13/2019 10:47:01 AM","0000-00","0","no battery","V"
"08/17/2021","10:09:41","10","default","328281339","OXY_CH10","11.686","min","188.313","μmol/L","Humid","21.396","deg","103406","µV","27.988","°C","1015.000","hPa","35.0","pmil","0","55.560","deg","20.000","°C","100.000","%a.s.","22.340","deg","20.000","°C","962.000","hPa","0.861","-0.02617","0.00035","0","0","13.56","Humid","31.50","0","54.10","280915.04","SABD0002000014","AAV2.0.0.13","3.0.1.1413","PSt7-10","180509-029","9/13/2019 10:47:01 AM","0000-00","0","no battery","V"
"08/17/2021","10:09:42","10","default","328281339","OXY_CH10","11.702","min","188.295","μmol/L","Humid","21.395","deg","103402","µV","27.995","°C","1015.000","hPa","35.0","pmil","0","55.560","deg","20.000","°C","100.000","%a.s.","22.340","deg","20.000","°C","962.000","hPa","0.861","-0.02617","0.00035","0","0","13.56","Humid","31.50","0","54.10","280910.76","SABD0002000014","AAV2.0.0.13","3.0.1.1413","PSt7-10","180509-029","9/13/2019 10:47:01 AM","0000-00","0","no battery","V"
"08/17/2021","10:09:43","10","default","328281339","OXY_CH10","11.719","min","188.344","μmol/L","Humid","21.392","deg","103391","µV","27.995","°C","1015.000","hPa","35.0","pmil","0","55.560","deg","20.000","°C","100.000","%a.s.","22.340","deg","20.000","°C","962.000","hPa","0.861","-0.02617","0.00035","0","0","13.56","Humid","31.50","0","54.10","280922.01","SABD0002000014","AAV2.0.0.13","3.0.1.1413","PSt7-10","180509-029","9/13/2019 10:47:01 AM","0000-00","0","no battery","V"
"08/17/2021","10:09:44","10","default","328281339","OXY_CH10","11.735","min","188.379","μmol/L","Humid","21.392","deg","103380","µV","27.988","°C","1015.000","hPa","35.0","pmil","0","55.560","deg","20.000","°C","100.000","%a.s.","22.340","deg","20.000","°C","962.000","hPa","0.861","-0.02617","0.00035","0","0","13.56","Humid","31.50","0","54.10","280919.11","SABD0002000014","AAV2.0.0.13","3.0.1.1413","PSt7-10","180509-029","9/13/2019 10:47:01 AM","0000-00","0","no battery","V"
"08/17/2021","10:09:45","10","default","328281339","OXY_CH10","11.752","min","188.344","μmol/L","Humid","21.392","deg","103381","µV","27.995","°C","1015.000","hPa","35.0","pmil","0","55.560","deg","20.000","°C","100.000","%a.s.","22.340","deg","20.000","°C","962.000","hPa","0.861","-0.02617","0.00035","0","0","13.56","Humid","31.50","0","54.10","280915.90","SABD0002000014","AAV2.0.0.13","3.0.1.1413","PSt7-10","180509-029","9/13/2019 10:47:01 AM","0000-00","0","no battery","V"
"08/17/2021","10:09:46","10","default","328281339","OXY_CH10","11.769","min","188.429","μmol/L","Humid","21.389","deg","103373","µV","27.988","°C","1015.000","hPa","35.0","pmil","0","55.560","deg","20.000","°C","100.000","%a.s.","22.340","deg","20.000","°C","962.000","hPa","0.861","-0.02617","0.00035","0","0","13.56","Humid","31.50","0","54.10","280934.57","SABD0002000014","AAV2.0.0.13","3.0.1.1413","PSt7-10","180509-029","9/13/2019 10:47:01 AM","0000-00","0","no battery","V"
"08/17/2021","10:09:47","10","default","328281339","OXY_CH10","11.785","min","188.411","μmol/L","Humid","21.388","deg","103356","µV","27.995","°C","1015.000","hPa","35.0","pmil","0","55.560","deg","20.000","°C","100.000","%a.s.","22.340","deg","20.000","°C","962.000","hPa","0.861","-0.02617","0.00035","0","0","13.56","Humid","31.50","0","54.10","280926.86","SABD0002000014","AAV2.0.0.13","3.0.1.1413","PSt7-10","180509-029","9/13/2019 10:47:01 AM","0000-00","0","no battery","V"
"08/17/2021","10:09:48","10","default","328281339","OXY_CH10","11.802","min","188.445","μmol/L","Humid","21.388","deg","103362","µV","27.988","°C","1015.000","hPa","35.0","pmil","0","55.560","deg","20.000","°C","100.000","%a.s.","22.340","deg","20.000","°C","962.000","hPa","0.861","-0.02617","0.00035","0","0","13.56","Humid","31.50","0","54.10","280920.73","SABD0002000014","AAV2.0.0.13","3.0.1.1413","PSt7-10","180509-029","9/13/2019 10:47:01 AM","0000-00","0","no battery","V"
"08/17/2021","10:09:49","10","default","328281339","OXY_CH10","11.819","min","188.444","μmol/L","Humid","21.386","deg","103355","µV","27.995","°C","1015.000","hPa","35.0","pmil","0","55.560","deg","20.000","°C","100.000","%a.s.","22.340","deg","20.000","°C","962.000","hPa","0.861","-0.02617","0.00035","0","0","13.56","Humid","31.50","0","54.10","280923.72","SABD0002000014","AAV2.0.0.13","3.0.1.1413","PSt7-10","180509-029","9/13/2019 10:47:01 AM","0000-00","0","no battery","V"
"08/17/2021","10:09:50","10","default","328281339","OXY_CH10","11.835","min","188.444","μmol/L","Humid","21.386","deg","103358","µV","27.995","°C","1015.000","hPa","35.0","pmil","0","55.560","deg","20.000","°C","100.000","%a.s.","22.340","deg","20.000","°C","962.000","hPa","0.861","-0.02617","0.00035","0","0","13.56","Humid","31.50","0","54.10","280908.15","SABD0002000014","AAV2.0.0.13","3.0.1.1413","PSt7-10","180509-029","9/13/2019 10:47:01 AM","0000-00","0","no battery","V"
"08/17/2021","10:09:51","10","default","328281339","OXY_CH10","11.852","min","188.511","μmol/L","Humid","21.384","deg","103347","µV","27.988","°C","1015.000","hPa","35.0","pmil","0","55.560","deg","20.000","°C","100.000","%a.s.","22.340","deg","20.000","°C","962.000","hPa","0.861","-0.02617","0.00035","0","0","13.56","Humid","31.50","0","54.10","280913.04","SABD0002000014","AAV2.0.0.13","3.0.1.1413","PSt7-10","180509-029","9/13/2019 10:47:01 AM","0000-00","0","no battery","V"
"08/17/2021","10:09:52","10","default","328281339","OXY_CH10","11.869","min","188.477","μmol/L","Humid","21.384","deg","103342","µV","27.995","°C","1015.000","hPa","35.0","pmil","0","55.560","deg","20.000","°C","100.000","%a.s.","22.340","deg","20.000","°C","962.000","hPa","0.861","-0.02617","0.00035","0","0","13.56","Humid","31.50","0","54.10","280911.48","SABD0002000014","AAV2.0.0.13","3.0.1.1413","PSt7-10","180509-029","9/13/2019 10:47:01 AM","0000-00","0","no battery","V"
"08/17/2021","10:09:53","10","default","328281339","OXY_CH10","11.885","min","188.511","μmol/L","Humid","21.384","deg","103343","µV","27.988","°C","1015.000","hPa","35.0","pmil","0","55.560","deg","20.000","°C","100.000","%a.s.","22.340","deg","20.000","°C","962.000","hPa","0.861","-0.02617","0.00035","0","0","13.56","Humid","31.50","0","54.10","280907.57","SABD0002000014","AAV2.0.0.13","3.0.1.1413","PSt7-10","180509-029","9/13/2019 10:47:01 AM","0000-00","0","no battery","V"
"08/17/2021","10:09:54","10","default","328281339","OXY_CH10","11.902","min","188.495","μmol/L","Humid","21.385","deg","103340","µV","27.988","°C","1015.000","hPa","35.0","pmil","0","55.560","deg","20.000","°C","100.000","%a.s.","22.340","deg","20.000","°C","962.000","hPa","0.861","-0.02617","0.00035","0","0","13.56","Humid","31.50","0","54.10","280907.60","SABD0002000014","AAV2.0.0.13","3.0.1.1413","PSt7-10","180509-029","9/13/2019 10:47:01 AM","0000-00","0","no battery","V"
"08/17/2021","10:09:55","10","default","328281339","OXY_CH10","11.919","min","188.460","μmol/L","Humid","21.385","deg","103329","µV","27.995","°C","1015.000","hPa","35.0","pmil","0","55.560","deg","20.000","°C","100.000","%a.s.","22.340","deg","20.000","°C","962.000","hPa","0.861","-0.02617","0.00035","0","0","13.56","Humid","31.50","0","54.10","280903.59","SABD0002000014","AAV2.0.0.13","3.0.1.1413","PSt7-10","180509-029","9/13/2019 10:47:01 AM","0000-00","0","no battery","V"
"08/17/2021","10:09:56","10","default","328281339","OXY_CH10","11.936","min","188.492","μmol/L","Humid","21.381","deg","103330","µV","28.001","°C","1015.000","hPa","35.0","pmil","0","55.560","deg","20.000","°C","100.000","%a.s.","22.340","deg","20.000","°C","962.000","hPa","0.861","-0.02617","0.00035","0","0","13.56","Humid","31.50","0","54.10","280915.71","SABD0002000014","AAV2.0.0.13","3.0.1.1413","PSt7-10","180509-029","9/13/2019 10:47:01 AM","0000-00","0","no battery","V"
"08/17/2021","10:09:57","10","default","328281339","OXY_CH10","11.953","min","188.528","μmol/L","Humid","21.383","deg","103319","µV","27.988","°C","1015.000","hPa","35.0","pmil","0","55.560","deg","20.000","°C","100.000","%a.s.","22.340","deg","20.000","°C","962.000","hPa","0.861","-0.02617","0.00035","0","0","13.56","Humid","31.50","0","54.10","280901.49","SABD0002000014","AAV2.0.0.13","3.0.1.1413","PSt7-10","180509-029","9/13/2019 10:47:01 AM","0000-00","0","no battery","V"
"08/17/2021","10:09:58","10","default","328281339","OXY_CH10","11.969","min","188.460","μmol/L","Humid","21.385","deg","103312","µV","27.995","°C","1015.000","hPa","35.0","pmil","0","55.560","deg","20.000","°C","100.000","%a.s.","22.340","deg","20.000","°C","962.000","hPa","0.861","-0.02617","0.00035","0","0","13.56","Humid","31.50","0","54.10","280902.39","SABD0002000014","AAV2.0.0.13","3.0.1.1413","PSt7-10","180509-029","9/13/2019 10:47:01 AM","0000-00","0","no battery","V"
"08/17/2021","10:09:59","10","default","328281339","OXY_CH10","11.986","min","188.543","μmol/L","Humid","21.380","deg","103313","µV","27.995","°C","1015.000","hPa","35.0","pmil","0","55.560","deg","20.000","°C","100.000","%a.s.","22.340","deg","20.000","°C","962.000","hPa","0.861","-0.02617","0.00035","0","0","13.56","Humid","31.50","0","54.10","280899.54","SABD0002000014","AAV2.0.0.13","3.0.1.1413","PSt7-10","180509-029","9/13/2019 10:47:01 AM","0000-00","0","no battery","V"
"08/17/2021","10:10:00","10","default","328281339","OXY_CH10","12.002","min","188.560","μmol/L","Humid","21.379","deg","103307","µV","27.995","°C","1015.000","hPa","35.0","pmil","0","55.560","deg","20.000","°C","100.000","%a.s.","22.340","deg","20.000","°C","962.000","hPa","0.861","-0.02617","0.00035","0","0","13.56","Humid","31.50","0","54.10","280901.35","SABD0002000014","AAV2.0.0.13","3.0.1.1413","PSt7-10","180509-029","9/13/2019 10:47:01 AM","0000-00","0","no battery","V"
"08/17/2021","10:10:01","10","default","328281339","OXY_CH10","12.019","min","188.558","μmol/L","Humid","21.377","deg","103299","µV","28.001","°C","1015.000","hPa","35.0","pmil","0","55.560","deg","20.000","°C","100.000","%a.s.","22.340","deg","20.000","°C","962.000","hPa","0.861","-0.02617","0.00035","0","0","13.56","Humid","31.50","0","54.10","280909.60","SABD0002000014","AAV2.0.0.13","3.0.1.1413","PSt7-10","180509-029","9/13/2019 10:47:01 AM","0000-00","0","no battery","V"
"08/17/2021","10:10:02","10","default","328281339","OXY_CH10","12.035","min","188.575","μmol/L","Humid","21.376","deg","103295","µV","28.001","°C","1015.000","hPa","35.0","pmil","0","55.560","deg","20.000","°C","100.000","%a.s.","22.340","deg","20.000","°C","962.000","hPa","0.861","-0.02617","0.00035","0","0","13.56","Humid","31.50","0","54.10","280900.31","SABD0002000014","AAV2.0.0.13","3.0.1.1413","PSt7-10","180509-029","9/13/2019 10:47:01 AM","0000-00","0","no battery","V"
"08/17/2021","10:10:03","10","default","328281339","OXY_CH10","12.052","min","188.558","μmol/L","Humid","21.377","deg","103290","µV","28.001","°C","1015.000","hPa","35.0","pmil","0","55.560","deg","20.000","°C","100.000","%a.s.","22.340","deg","20.000","°C","962.000","hPa","0.861","-0.02617","0.00035","0","0","13.56","Humid","31.50","0","54.10","280901.81","SABD0002000014","AAV2.0.0.13","3.0.1.1413","PSt7-10","180509-029","9/13/2019 10:47:01 AM","0000-00","0","no battery","V"
"08/17/2021","10:10:04","10","default","328281339","OXY_CH10","12.069","min","188.578","μmol/L","Humid","21.380","deg","103283","µV","27.988","°C","1015.000","hPa","35.0","pmil","0","55.560","deg","20.000","°C","100.000","%a.s.","22.340","deg","20.000","°C","962.000","hPa","0.861","-0.02617","0.00035","0","0","13.56","Humid","31.50","0","54.10","280901.57","SABD0002000014","AAV2.0.0.13","3.0.1.1413","PSt7-10","180509-029","9/13/2019 10:47:01 AM","0000-00","0","no battery","V"
"08/17/2021","10:10:05","10","default","328281339","OXY_CH10","12.085","min","188.608","μmol/L","Humid","21.374","deg","103283","µV","28.001","°C","1015.000","hPa","35.0","pmil","0","55.560","deg","20.000","°C","100.000","%a.s.","22.340","deg","20.000","°C","962.000","hPa","0.861","-0.02617","0.00035","0","0","13.56","Humid","31.50","0","54.10","280902.82","SABD0002000014","AAV2.0.0.13","3.0.1.1413","PSt7-10","180509-029","9/13/2019 10:47:01 AM","0000-00","0","no battery","V"
"08/17/2021","10:10:06","10","default","328281339","OXY_CH10","12.102","min","188.575","μmol/L","Humid","21.376","deg","103281","µV","28.001","°C","1015.000","hPa","35.0","pmil","0","55.560","deg","20.000","°C","100.000","%a.s.","22.340","deg","20.000","°C","962.000","hPa","0.861","-0.02617","0.00035","0","0","13.56","Humid","31.50","0","54.10","280897.74","SABD0002000014","AAV2.0.0.13","3.0.1.1413","PSt7-10","180509-029","9/13/2019 10:47:01 AM","0000-00","0","no battery","V"
"08/17/2021","10:10:07","10","default","328281339","OXY_CH10","12.119","min","188.591","μmol/L","Humid","21.375","deg","103280","µV","28.001","°C","1015.000","hPa","35.0","pmil","0","55.560","deg","20.000","°C","100.000","%a.s.","22.340","deg","20.000","°C","962.000","hPa","0.861","-0.02617","0.00035","0","0","13.56","Humid","31.50","0","54.10","280901.39","SABD0002000014","AAV2.0.0.13","3.0.1.1413","PSt7-10","180509-029","9/13/2019 10:47:01 AM","0000-00","0","no battery","V"
"08/17/2021","10:10:08","10","default","328281339","OXY_CH10","12.135","min","188.606","μmol/L","Humid","21.372","deg","103273","µV","28.007","°C","1015.000","hPa","35.0","pmil","0","55.560","deg","20.000","°C","100.000","%a.s.","22.340","deg","20.000","°C","962.000","hPa","0.861","-0.02617","0.00035","0","0","13.56","Humid","31.50","0","54.10","280883.87","SABD0002000014","AAV2.0.0.13","3.0.1.1413","PSt7-10","180509-029","9/13/2019 10:47:01 AM","0000-00","0","no battery","V"
"08/17/2021","10:10:09","10","default","328281339","OXY_CH10","12.152","min","188.608","μmol/L","Humid","21.374","deg","103271","µV","28.001","°C","1015.000","hPa","35.0","pmil","0","55.560","deg","20.000","°C","100.000","%a.s.","22.340","deg","20.000","°C","962.000","hPa","0.861","-0.02617","0.00035","0","0","13.56","Humid","31.50","0","54.10","280887.71","SABD0002000014","AAV2.0.0.13","3.0.1.1413","PSt7-10","180509-029","9/13/2019 10:47:01 AM","0000-00","0","no battery","V"
"08/17/2021","10:10:10","10","default","328281339","OXY_CH10","12.168","min","188.659","μmol/L","Humid","21.373","deg","103260","µV","27.995","°C","1015.000","hPa","35.0","pmil","0","55.560","deg","20.000","°C","100.000","%a.s.","22.340","deg","20.000","°C","962.000","hPa","0.861","-0.02617","0.00035","0","0","13.56","Humid","31.50","0","54.10","280892.37","SABD0002000014","AAV2.0.0.13","3.0.1.1413","PSt7-10","180509-029","9/13/2019 10:47:01 AM","0000-00","0","no battery","V"
"08/17/2021","10:10:11","10","default","328281339","OXY_CH10","12.186","min","188.641","μmol/L","Humid","21.372","deg","103255","µV","28.001","°C","1015.000","hPa","35.0","pmil","0","55.560","deg","20.000","°C","100.000","%a.s.","22.340","deg","20.000","°C","962.000","hPa","0.861","-0.02617","0.00035","0","0","13.56","Humid","31.50","0","54.10","280892.81","SABD0002000014","AAV2.0.0.13","3.0.1.1413","PSt7-10","180509-029","9/13/2019 10:47:01 AM","0000-00","0","no battery","V"
"08/17/2021","10:10:12","10","default","328281339","OXY_CH10","12.202","min","188.591","μmol/L","Humid","21.375","deg","103259","µV","28.001","°C","1015.000","hPa","35.0","pmil","0","55.560","deg","20.000","°C","100.000","%a.s.","22.340","deg","20.000","°C","962.000","hPa","0.861","-0.02617","0.00035","0","0","13.56","Humid","31.50","0","54.10","280895.75","SABD0002000014","AAV2.0.0.13","3.0.1.1413","PSt7-10","180509-029","9/13/2019 10:47:01 AM","0000-00","0","no battery","V"
"08/17/2021","10:10:13","10","default","328281339","OXY_CH10","12.219","min","188.608","μmol/L","Humid","21.374","deg","103250","µV","28.001","°C","1015.000","hPa","35.0","pmil","0","55.560","deg","20.000","°C","100.000","%a.s.","22.340","deg","20.000","°C","962.000","hPa","0.861","-0.02617","0.00035","0","0","13.56","Humid","31.50","0","54.10","280883.14","SABD0002000014","AAV2.0.0.13","3.0.1.1413","PSt7-10","180509-029","9/13/2019 10:47:01 AM","0000-00","0","no battery","V"
"08/17/2021","10:10:14","10","default","328281339","OXY_CH10","12.235","min","188.706","μmol/L","Humid","21.366","deg","103249","µV","28.007","°C","1015.000","hPa","35.0","pmil","0","55.560","deg","20.000","°C","100.000","%a.s.","22.340","deg","20.000","°C","962.000","hPa","0.861","-0.02617","0.00035","0","0","13.56","Humid","31.50","0","54.10","280890.88","SABD0002000014","AAV2.0.0.13","3.0.1.1413","PSt7-10","180509-029","9/13/2019 10:47:01 AM","0000-00","0","no battery","V"
"08/17/2021","10:10:15","10","default","328281339","OXY_CH10","12.252","min","188.659","μmol/L","Humid","21.373","deg","103248","µV","27.995","°C","1015.000","hPa","35.0","pmil","0","55.560","deg","20.000","°C","100.000","%a.s.","22.340","deg","20.000","°C","962.000","hPa","0.861","-0.02617","0.00035","0","0","13.56","Humid","31.50","0","54.10","280892.24","SABD0002000014","AAV2.0.0.13","3.0.1.1413","PSt7-10","180509-029","9/13/2019 10:47:01 AM","0000-00","0","no battery","V"
"08/17/2021","10:10:16","10","default","328281339","OXY_CH10","12.269","min","188.740","μmol/L","Humid","21.366","deg","103245","µV","28.001","°C","1015.000","hPa","35.0","pmil","0","55.560","deg","20.000","°C","100.000","%a.s.","22.340","deg","20.000","°C","962.000","hPa","0.861","-0.02617","0.00035","0","0","13.56","Humid","31.50","0","54.10","280886.24","SABD0002000014","AAV2.0.0.13","3.0.1.1413","PSt7-10","180509-029","9/13/2019 10:47:01 AM","0000-00","0","no battery","V"
"08/17/2021","10:10:17","10","default","328281339","OXY_CH10","12.285","min","188.706","μmol/L","Humid","21.366","deg","103244","µV","28.007","°C","1015.000","hPa","35.0","pmil","0","55.560","deg","20.000","°C","100.000","%a.s.","22.340","deg","20.000","°C","962.000","hPa","0.861","-0.02617","0.00035","0","0","13.56","Humid","31.50","0","54.10","280891.82","SABD0002000014","AAV2.0.0.13","3.0.1.1413","PSt7-10","180509-029","9/13/2019 10:47:01 AM","0000-00","0","no battery","V"
"08/17/2021","10:10:18","10","default","328281339","OXY_CH10","12.302","min","188.740","μmol/L","Humid","21.366","deg","103226","µV","28.001","°C","1015.000","hPa","35.0","pmil","0","55.560","deg","20.000","°C","100.000","%a.s.","22.340","deg","20.000","°C","962.000","hPa","0.861","-0.02617","0.00035","0","0","13.56","Humid","31.50","0","54.10","280887.10","SABD0002000014","AAV2.0.0.13","3.0.1.1413","PSt7-10","180509-029","9/13/2019 10:47:01 AM","0000-00","0","no battery","V"
"08/17/2021","10:10:19","10","default","328281339","OXY_CH10","12.319","min","188.841","μmol/L","Humid","21.362","deg","103227","µV","27.995","°C","1015.000","hPa","35.0","pmil","0","55.560","deg","20.000","°C","100.000","%a.s.","22.340","deg","20.000","°C","962.000","hPa","0.861","-0.02617","0.00035","0","0","13.56","Humid","31.50","0","54.10","280885.24","SABD0002000014","AAV2.0.0.13","3.0.1.1413","PSt7-10","180509-029","9/13/2019 10:47:01 AM","0000-00","0","no battery","V"
"08/17/2021","10:10:20","10","default","328281339","OXY_CH10","12.336","min","188.757","μmol/L","Humid","21.365","deg","103221","µV","28.001","°C","1015.000","hPa","35.0","pmil","0","55.560","deg","20.000","°C","100.000","%a.s.","22.340","deg","20.000","°C","962.000","hPa","0.861","-0.02617","0.00035","0","0","13.56","Humid","31.50","0","54.10","280879.16","SABD0002000014","AAV2.0.0.13","3.0.1.1413","PSt7-10","180509-029","9/13/2019 10:47:01 AM","0000-00","0","no battery","V"
"08/17/2021","10:10:21","10","default","328281339","OXY_CH10","12.352","min","188.841","μmol/L","Humid","21.362","deg","103225","µV","27.995","°C","1015.000","hPa","35.0","pmil","0","55.560","deg","20.000","°C","100.000","%a.s.","22.340","deg","20.000","°C","962.000","hPa","0.861","-0.02617","0.00035","0","0","13.56","Humid","31.50","0","54.10","280889.62","SABD0002000014","AAV2.0.0.13","3.0.1.1413","PSt7-10","180509-029","9/13/2019 10:47:01 AM","0000-00","0","no battery","V"
"08/17/2021","10:10:22","10","default","328281339","OXY_CH10","12.369","min","188.823","μmol/L","Humid","21.361","deg","103212","µV","28.001","°C","1015.000","hPa","35.0","pmil","0","55.560","deg","20.000","°C","100.000","%a.s.","22.340","deg","20.000","°C","962.000","hPa","0.861","-0.02617","0.00035","0","0","13.56","Humid","31.50","0","54.10","280877.75","SABD0002000014","AAV2.0.0.13","3.0.1.1413","PSt7-10","180509-029","9/13/2019 10:47:01 AM","0000-00","0","no battery","V"
"08/17/2021","10:10:23","10","default","328281339","OXY_CH10","12.386","min","188.740","μmol/L","Humid","21.366","deg","103205","µV","28.001","°C","1015.000","hPa","35.0","pmil","0","55.560","deg","20.000","°C","100.000","%a.s.","22.340","deg","20.000","°C","962.000","hPa","0.861","-0.02617","0.00035","0","0","13.56","Humid","31.50","0","54.10","280880.56","SABD0002000014","AAV2.0.0.13","3.0.1.1413","PSt7-10","180509-029","9/13/2019 10:47:01 AM","0000-00","0","no battery","V"
"08/17/2021","10:10:24","10","default","328281339","OXY_CH10","12.402","min","188.774","μmol/L","Humid","21.364","deg","103207","µV","28.001","°C","1015.000","hPa","35.0","pmil","0","55.560","deg","20.000","°C","100.000","%a.s.","22.340","deg","20.000","°C","962.000","hPa","0.861","-0.02617","0.00035","0","0","13.56","Humid","31.50","0","54.10","280887.24","SABD0002000014","AAV2.0.0.13","3.0.1.1413","PSt7-10","180509-029","9/13/2019 10:47:01 AM","0000-00","0","no battery","V"
"08/17/2021","10:10:25","10","default","328281339","OXY_CH10","12.419","min","188.790","μmol/L","Humid","21.363","deg","103201","µV","28.001","°C","1015.000","hPa","35.0","pmil","0","55.560","deg","20.000","°C","100.000","%a.s.","22.340","deg","20.000","°C","962.000","hPa","0.861","-0.02617","0.00035","0","0","13.56","Humid","31.50","0","54.10","280880.99","SABD0002000014","AAV2.0.0.13","3.0.1.1413","PSt7-10","180509-029","9/13/2019 10:47:01 AM","0000-00","0","no battery","V"
"08/17/2021","10:10:26","10","default","328281339","OXY_CH10","12.435","min","188.772","μmol/L","Humid","21.362","deg","103194","µV","28.007","°C","1015.000","hPa","35.0","pmil","0","55.560","deg","20.000","°C","100.000","%a.s.","22.340","deg","20.000","°C","962.000","hPa","0.861","-0.02617","0.00035","0","0","13.56","Humid","31.50","0","54.10","280881.26","SABD0002000014","AAV2.0.0.13","3.0.1.1413","PSt7-10","180509-029","9/13/2019 10:47:01 AM","0000-00","0","no battery","V"
"08/17/2021","10:10:27","10","default","328281339","OXY_CH10","12.452","min","188.857","μmol/L","Humid","21.359","deg","103193","µV","28.001","°C","1015.000","hPa","35.0","pmil","0","55.560","deg","20.000","°C","100.000","%a.s.","22.340","deg","20.000","°C","962.000","hPa","0.861","-0.02617","0.00035","0","0","13.56","Humid","31.50","0","54.10","280878.81","SABD0002000014","AAV2.0.0.13","3.0.1.1413","PSt7-10","180509-029","9/13/2019 10:47:01 AM","0000-00","0","no battery","V"
"08/17/2021","10:10:28","10","default","328281339","OXY_CH10","12.469","min","188.789","μmol/L","Humid","21.361","deg","103186","µV","28.007","°C","1015.000","hPa","35.0","pmil","0","55.560","deg","20.000","°C","100.000","%a.s.","22.340","deg","20.000","°C","962.000","hPa","0.861","-0.02617","0.00035","0","0","13.56","Humid","31.50","0","54.10","280879.03","SABD0002000014","AAV2.0.0.13","3.0.1.1413","PSt7-10","180509-029","9/13/2019 10:47:01 AM","0000-00","0","no battery","V"
"08/17/2021","10:10:29","10","default","328281339","OXY_CH10","12.486","min","188.872","μmol/L","Humid","21.356","deg","103182","µV","28.007","°C","1015.000","hPa","35.0","pmil","0","55.560","deg","20.000","°C","100.000","%a.s.","22.340","deg","20.000","°C","962.000","hPa","0.861","-0.02617","0.00035","0","0","13.56","Humid","31.50","0","54.10","280885.14","SABD0002000014","AAV2.0.0.13","3.0.1.1413","PSt7-10","180509-029","9/13/2019 10:47:01 AM","0000-00","0","no battery","V"
"08/17/2021","10:10:30","10","default","328281339","OXY_CH10","12.503","min","188.923","μmol/L","Humid","21.355","deg","103184","µV","28.001","°C","1015.000","hPa","35.0","pmil","0","55.560","deg","20.000","°C","100.000","%a.s.","22.340","deg","20.000","°C","962.000","hPa","0.861","-0.02617","0.00035","0","0","13.56","Humid","31.50","0","54.10","280879.20","SABD0002000014","AAV2.0.0.13","3.0.1.1413","PSt7-10","180509-029","9/13/2019 10:47:01 AM","0000-00","0","no battery","V"
"08/17/2021","10:10:31","10","default","328281339","OXY_CH10","12.519","min","188.873","μmol/L","Humid","21.358","deg","103178","µV","28.001","°C","1015.000","hPa","35.0","pmil","0","55.560","deg","20.000","°C","100.000","%a.s.","22.340","deg","20.000","°C","962.000","hPa","0.861","-0.02617","0.00035","0","0","13.56","Humid","31.50","0","54.10","280881.43","SABD0002000014","AAV2.0.0.13","3.0.1.1413","PSt7-10","180509-029","9/13/2019 10:47:01 AM","0000-00","0","no battery","V"
"08/17/2021","10:10:32","10","default","328281339","OXY_CH10","12.536","min","188.840","μmol/L","Humid","21.360","deg","103177","µV","28.001","°C","1015.000","hPa","35.0","pmil","0","55.560","deg","20.000","°C","100.000","%a.s.","22.340","deg","20.000","°C","962.000","hPa","0.861","-0.02617","0.00035","0","0","13.56","Humid","31.50","0","54.10","280872.60","SABD0002000014","AAV2.0.0.13","3.0.1.1413","PSt7-10","180509-029","9/13/2019 10:47:01 AM","0000-00","0","no battery","V"
"08/17/2021","10:10:33","10","default","328281339","OXY_CH10","12.552","min","188.923","μmol/L","Humid","21.355","deg","103172","µV","28.001","°C","1015.000","hPa","35.0","pmil","0","55.560","deg","20.000","°C","100.000","%a.s.","22.340","deg","20.000","°C","962.000","hPa","0.861","-0.02617","0.00035","0","0","13.56","Humid","31.50","0","54.10","280872.09","SABD0002000014","AAV2.0.0.13","3.0.1.1413","PSt7-10","180509-029","9/13/2019 10:47:01 AM","0000-00","0","no battery","V"
"08/17/2021","10:10:34","10","default","328281339","OXY_CH10","12.569","min","188.906","μmol/L","Humid","21.356","deg","103173","µV","28.001","°C","1015.000","hPa","35.0","pmil","0","55.560","deg","20.000","°C","100.000","%a.s.","22.340","deg","20.000","°C","962.000","hPa","0.861","-0.02617","0.00035","0","0","13.56","Humid","31.50","0","54.10","280866.64","SABD0002000014","AAV2.0.0.13","3.0.1.1413","PSt7-10","180509-029","9/13/2019 10:47:01 AM","0000-00","0","no battery","V"
"08/17/2021","10:10:35","10","default","328281339","OXY_CH10","12.586","min","188.872","μmol/L","Humid","21.356","deg","103168","µV","28.007","°C","1015.000","hPa","35.0","pmil","0","55.560","deg","20.000","°C","100.000","%a.s.","22.340","deg","20.000","°C","962.000","hPa","0.861","-0.02617","0.00035","0","0","13.56","Humid","31.50","0","54.10","280867.53","SABD0002000014","AAV2.0.0.13","3.0.1.1413","PSt7-10","180509-029","9/13/2019 10:47:01 AM","0000-00","0","no battery","V"
"08/17/2021","10:10:36","10","default","328281339","OXY_CH10","12.602","min","188.922","μmol/L","Humid","21.353","deg","103157","µV","28.007","°C","1015.000","hPa","35.0","pmil","0","55.560","deg","20.000","°C","100.000","%a.s.","22.340","deg","20.000","°C","962.000","hPa","0.861","-0.02617","0.00035","0","0","13.56","Humid","31.50","0","54.10","280873.10","SABD0002000014","AAV2.0.0.13","3.0.1.1413","PSt7-10","180509-029","9/13/2019 10:47:01 AM","0000-00","0","no battery","V"
"08/17/2021","10:10:37","10","default","328281339","OXY_CH10","12.619","min","188.922","μmol/L","Humid","21.353","deg","103154","µV","28.007","°C","1015.000","hPa","35.0","pmil","0","55.560","deg","20.000","°C","100.000","%a.s.","22.340","deg","20.000","°C","962.000","hPa","0.861","-0.02617","0.00035","0","0","13.56","Humid","31.50","0","54.10","280867.46","SABD0002000014","AAV2.0.0.13","3.0.1.1413","PSt7-10","180509-029","9/13/2019 10:47:01 AM","0000-00","0","no battery","V"
"08/17/2021","10:10:38","10","default","328281339","OXY_CH10","12.636","min","188.903","μmol/L","Humid","21.352","deg","103154","µV","28.013","°C","1015.000","hPa","35.0","pmil","0","55.560","deg","20.000","°C","100.000","%a.s.","22.340","deg","20.000","°C","962.000","hPa","0.861","-0.02617","0.00035","0","0","13.56","Humid","31.50","0","54.10","280864.88","SABD0002000014","AAV2.0.0.13","3.0.1.1413","PSt7-10","180509-029","9/13/2019 10:47:01 AM","0000-00","0","no battery","V"
"08/17/2021","10:10:39","10","default","328281339","OXY_CH10","12.652","min","188.988","μmol/L","Humid","21.349","deg","103150","µV","28.007","°C","1015.000","hPa","35.0","pmil","0","55.560","deg","20.000","°C","100.000","%a.s.","22.340","deg","20.000","°C","962.000","hPa","0.861","-0.02617","0.00035","0","0","13.56","Humid","31.50","0","54.10","280872.51","SABD0002000014","AAV2.0.0.13","3.0.1.1413","PSt7-10","180509-029","9/13/2019 10:47:01 AM","0000-00","0","no battery","V"
"08/17/2021","10:10:40","10","default","328281339","OXY_CH10","12.669","min","188.955","μmol/L","Humid","21.351","deg","103145","µV","28.007","°C","1015.000","hPa","35.0","pmil","0","55.560","deg","20.000","°C","100.000","%a.s.","22.340","deg","20.000","°C","962.000","hPa","0.861","-0.02617","0.00035","0","0","13.56","Humid","31.50","0","54.10","280865.89","SABD0002000014","AAV2.0.0.13","3.0.1.1413","PSt7-10","180509-029","9/13/2019 10:47:01 AM","0000-00","0","no battery","V"
"08/17/2021","10:10:41","10","default","328281339","OXY_CH10","12.685","min","188.902","μmol/L","Humid","21.350","deg","103141","µV","28.019","°C","1015.000","hPa","35.0","pmil","0","55.560","deg","20.000","°C","100.000","%a.s.","22.340","deg","20.000","°C","962.000","hPa","0.861","-0.02617","0.00035","0","0","13.56","Humid","31.50","0","54.10","280862.12","SABD0002000014","AAV2.0.0.13","3.0.1.1413","PSt7-10","180509-029","9/13/2019 10:47:01 AM","0000-00","0","no battery","V"
"08/17/2021","10:10:42","10","default","328281339","OXY_CH10","12.702","min","188.955","μmol/L","Humid","21.351","deg","103139","µV","28.007","°C","1015.000","hPa","35.0","pmil","0","55.560","deg","20.000","°C","100.000","%a.s.","22.340","deg","20.000","°C","962.000","hPa","0.861","-0.02617","0.00035","0","0","13.56","Humid","31.50","0","54.10","280872.11","SABD0002000014","AAV2.0.0.13","3.0.1.1413","PSt7-10","180509-029","9/13/2019 10:47:01 AM","0000-00","0","no battery","V"
"08/17/2021","10:10:43","10","default","328281339","OXY_CH10","12.718","min","188.988","μmol/L","Humid","21.349","deg","103131","µV","28.007","°C","1015.000","hPa","35.0","pmil","0","55.560","deg","20.000","°C","100.000","%a.s.","22.340","deg","20.000","°C","962.000","hPa","0.861","-0.02617","0.00035","0","0","13.56","Humid","31.50","0","54.10","280871.45","SABD0002000014","AAV2.0.0.13","3.0.1.1413","PSt7-10","180509-029","9/13/2019 10:47:01 AM","0000-00","0","no battery","V"
"08/17/2021","10:10:44","10","default","328281339","OXY_CH10","12.735","min","188.953","μmol/L","Humid","21.349","deg","103137","µV","28.013","°C","1015.000","hPa","35.0","pmil","0","55.560","deg","20.000","°C","100.000","%a.s.","22.340","deg","20.000","°C","962.000","hPa","0.861","-0.02617","0.00035","0","0","13.56","Humid","31.50","0","54.10","280872.24","SABD0002000014","AAV2.0.0.13","3.0.1.1413","PSt7-10","180509-029","9/13/2019 10:47:01 AM","0000-00","0","no battery","V"
"08/17/2021","10:10:45","10","default","328281339","OXY_CH10","12.752","min","188.986","μmol/L","Humid","21.347","deg","103125","µV","28.013","°C","1015.000","hPa","35.0","pmil","0","55.560","deg","20.000","°C","100.000","%a.s.","22.340","deg","20.000","°C","962.000","hPa","0.861","-0.02617","0.00035","0","0","13.56","Humid","31.50","0","54.10","280863.13","SABD0002000014","AAV2.0.0.13","3.0.1.1413","PSt7-10","180509-029","9/13/2019 10:47:01 AM","0000-00","0","no battery","V"
"08/17/2021","10:10:46","10","default","328281339","OXY_CH10","12.769","min","188.970","μmol/L","Humid","21.348","deg","103127","µV","28.013","°C","1015.000","hPa","35.0","pmil","0","55.560","deg","20.000","°C","100.000","%a.s.","22.340","deg","20.000","°C","962.000","hPa","0.861","-0.02617","0.00035","0","0","13.56","Humid","31.50","0","54.10","280852.07","SABD0002000014","AAV2.0.0.13","3.0.1.1413","PSt7-10","180509-029","9/13/2019 10:47:01 AM","0000-00","0","no battery","V"
"08/17/2021","10:10:47","10","default","328281339","OXY_CH10","12.786","min","189.021","μmol/L","Humid","21.347","deg","103124","µV","28.007","°C","1015.000","hPa","35.0","pmil","0","55.560","deg","20.000","°C","100.000","%a.s.","22.340","deg","20.000","°C","962.000","hPa","0.861","-0.02617","0.00035","0","0","13.56","Humid","31.50","0","54.10","280865.39","SABD0002000014","AAV2.0.0.13","3.0.1.1413","PSt7-10","180509-029","9/13/2019 10:47:01 AM","0000-00","0","no battery","V"
"08/17/2021","10:10:48","10","default","328281339","OXY_CH10","12.803","min","189.020","μmol/L","Humid","21.345","deg","103129","µV","28.013","°C","1015.000","hPa","35.0","pmil","0","55.560","deg","20.000","°C","100.000","%a.s.","22.340","deg","20.000","°C","962.000","hPa","0.861","-0.02617","0.00035","0","0","13.56","Humid","31.50","0","54.10","280864.67","SABD0002000014","AAV2.0.0.13","3.0.1.1413","PSt7-10","180509-029","9/13/2019 10:47:01 AM","0000-00","0","no battery","V"
"08/17/2021","10:10:49","10","default","328281339","OXY_CH10","12.819","min","189.003","μmol/L","Humid","21.346","deg","103121","µV","28.013","°C","1015.000","hPa","35.0","pmil","0","55.560","deg","20.000","°C","100.000","%a.s.","22.340","deg","20.000","°C","962.000","hPa","0.861","-0.02617","0.00035","0","0","13.56","Humid","31.50","0","54.10","280867.98","SABD0002000014","AAV2.0.0.13","3.0.1.1413","PSt7-10","180509-029","9/13/2019 10:47:01 AM","0000-00","0","no battery","V"
"08/17/2021","10:10:50","10","default","328281339","OXY_CH10","12.836","min","188.968","μmol/L","Humid","21.346","deg","103122","µV","28.019","°C","1015.000","hPa","35.0","pmil","0","55.560","deg","20.000","°C","100.000","%a.s.","22.340","deg","20.000","°C","962.000","hPa","0.861","-0.02617","0.00035","0","0","13.56","Humid","31.50","0","54.10","280864.71","SABD0002000014","AAV2.0.0.13","3.0.1.1413","PSt7-10","180509-029","9/13/2019 10:47:01 AM","0000-00","0","no battery","V"
"08/17/2021","10:10:51","10","default","328281339","OXY_CH10","12.852","min","189.036","μmol/L","Humid","21.344","deg","103111","µV","28.013","°C","1015.000","hPa","35.0","pmil","0","55.560","deg","20.000","°C","100.000","%a.s.","22.340","deg","20.000","°C","962.000","hPa","0.861","-0.02617","0.00035","0","0","13.56","Humid","31.50","0","54.10","280854.61","SABD0002000014","AAV2.0.0.13","3.0.1.1413","PSt7-10","180509-029","9/13/2019 10:47:01 AM","0000-00","0","no battery","V"
"08/17/2021","10:10:52","10","default","328281339","OXY_CH10","12.869","min","188.985","μmol/L","Humid","21.345","deg","103109","µV","28.019","°C","1015.000","hPa","35.0","pmil","0","55.560","deg","20.000","°C","100.000","%a.s.","22.340","deg","20.000","°C","962.000","hPa","0.861","-0.02617","0.00035","0","0","13.56","Humid","31.50","0","54.10","280861.68","SABD0002000014","AAV2.0.0.13","3.0.1.1413","PSt7-10","180509-029","9/13/2019 10:47:01 AM","0000-00","0","no battery","V"
"08/17/2021","10:10:53","10","default","328281339","OXY_CH10","12.886","min","189.070","μmol/L","Humid","21.342","deg","103108","µV","28.013","°C","1015.000","hPa","35.0","pmil","0","55.560","deg","20.000","°C","100.000","%a.s.","22.340","deg","20.000","°C","962.000","hPa","0.861","-0.02617","0.00035","0","0","13.56","Humid","31.50","0","54.10","280863.75","SABD0002000014","AAV2.0.0.13","3.0.1.1413","PSt7-10","180509-029","9/13/2019 10:47:01 AM","0000-00","0","no battery","V"
"08/17/2021","10:10:54","10","default","328281339","OXY_CH10","12.902","min","189.104","μmol/L","Humid","21.342","deg","103109","µV","28.007","°C","1015.000","hPa","35.0","pmil","0","55.560","deg","20.000","°C","100.000","%a.s.","22.340","deg","20.000","°C","962.000","hPa","0.861","-0.02617","0.00035","0","0","13.56","Humid","31.50","0","54.10","280863.66","SABD0002000014","AAV2.0.0.13","3.0.1.1413","PSt7-10","180509-029","9/13/2019 10:47:01 AM","0000-00","0","no battery","V"
"08/17/2021","10:10:55","10","default","328281339","OXY_CH10","12.919","min","189.119","μmol/L","Humid","21.339","deg","103104","µV","28.013","°C","1015.000","hPa","35.0","pmil","0","55.560","deg","20.000","°C","100.000","%a.s.","22.340","deg","20.000","°C","962.000","hPa","0.861","-0.02617","0.00035","0","0","13.56","Humid","31.50","0","54.10","280867.13","SABD0002000014","AAV2.0.0.13","3.0.1.1413","PSt7-10","180509-029","9/13/2019 10:47:01 AM","0000-00","0","no battery","V"
"08/17/2021","10:10:56","10","default","328281339","OXY_CH10","12.935","min","189.070","μmol/L","Humid","21.342","deg","103094","µV","28.013","°C","1015.000","hPa","35.0","pmil","0","55.560","deg","20.000","°C","100.000","%a.s.","22.340","deg","20.000","°C","962.000","hPa","0.861","-0.02617","0.00035","0","0","13.56","Humid","31.50","0","54.10","280854.66","SABD0002000014","AAV2.0.0.13","3.0.1.1413","PSt7-10","180509-029","9/13/2019 10:47:01 AM","0000-00","0","no battery","V"
"08/17/2021","10:10:57","10","default","328281339","OXY_CH10","12.952","min","189.171","μmol/L","Humid","21.338","deg","103107","µV","28.007","°C","1015.000","hPa","35.0","pmil","0","55.560","deg","20.000","°C","100.000","%a.s.","22.340","deg","20.000","°C","962.000","hPa","0.861","-0.02617","0.00035","0","0","13.56","Humid","31.50","0","54.10","280858.90","SABD0002000014","AAV2.0.0.13","3.0.1.1413","PSt7-10","180509-029","9/13/2019 10:47:01 AM","0000-00","0","no battery","V"
"08/17/2021","10:10:58","10","default","328281339","OXY_CH10","12.969","min","189.138","μmol/L","Humid","21.340","deg","103102","µV","28.007","°C","1015.000","hPa","35.0","pmil","0","55.560","deg","20.000","°C","100.000","%a.s.","22.340","deg","20.000","°C","962.000","hPa","0.861","-0.02617","0.00035","0","0","13.56","Humid","31.50","0","54.10","280854.65","SABD0002000014","AAV2.0.0.13","3.0.1.1413","PSt7-10","180509-029","9/13/2019 10:47:01 AM","0000-00","0","no battery","V"
"08/17/2021","10:10:59","10","default","328281339","OXY_CH10","12.985","min","189.171","μmol/L","Humid","21.338","deg","103101","µV","28.007","°C","1015.000","hPa","35.0","pmil","0","55.560","deg","20.000","°C","100.000","%a.s.","22.340","deg","20.000","°C","962.000","hPa","0.861","-0.02617","0.00035","0","0","13.56","Humid","31.50","0","54.10","280856.12","SABD0002000014","AAV2.0.0.13","3.0.1.1413","PSt7-10","180509-029","9/13/2019 10:47:01 AM","0000-00","0","no battery","V"
"08/17/2021","10:11:00","10","default","328281339","OXY_CH10","13.002","min","189.070","μmol/L","Humid","21.342","deg","103107","µV","28.013","°C","1015.000","hPa","35.0","pmil","0","55.560","deg","20.000","°C","100.000","%a.s.","22.340","deg","20.000","°C","962.000","hPa","0.861","-0.02617","0.00035","0","0","13.56","Humid","31.50","0","54.10","280860.74","SABD0002000014","AAV2.0.0.13","3.0.1.1413","PSt7-10","180509-029","9/13/2019 10:47:01 AM","0000-00","0","no battery","V"
"08/17/2021","10:11:01","10","default","328281339","OXY_CH10","13.019","min","189.136","μmol/L","Humid","21.338","deg","103102","µV","28.013","°C","1015.000","hPa","35.0","pmil","0","55.560","deg","20.000","°C","100.000","%a.s.","22.340","deg","20.000","°C","962.000","hPa","0.861","-0.02617","0.00035","0","0","13.56","Humid","31.50","0","54.10","280865.53","SABD0002000014","AAV2.0.0.13","3.0.1.1413","PSt7-10","180509-029","9/13/2019 10:47:01 AM","0000-00","0","no battery","V"
"08/17/2021","10:11:02","10","default","328281339","OXY_CH10","13.035","min","189.119","μmol/L","Humid","21.339","deg","103094","µV","28.013","°C","1015.000","hPa","35.0","pmil","0","55.560","deg","20.000","°C","100.000","%a.s.","22.340","deg","20.000","°C","962.000","hPa","0.861","-0.02617","0.00035","0","0","13.56","Humid","31.50","0","54.10","280854.17","SABD0002000014","AAV2.0.0.13","3.0.1.1413","PSt7-10","180509-029","9/13/2019 10:47:01 AM","0000-00","0","no battery","V"
"08/17/2021","10:11:03","10","default","328281339","OXY_CH10","13.052","min","189.186","μmol/L","Humid","21.335","deg","103087","µV","28.013","°C","1015.000","hPa","35.0","pmil","0","55.560","deg","20.000","°C","100.000","%a.s.","22.340","deg","20.000","°C","962.000","hPa","0.861","-0.02617","0.00035","0","0","13.56","Humid","31.50","0","54.10","280847.60","SABD0002000014","AAV2.0.0.13","3.0.1.1413","PSt7-10","180509-029","9/13/2019 10:47:01 AM","0000-00","0","no battery","V"
"08/17/2021","10:11:04","10","default","328281339","OXY_CH10","13.069","min","189.186","μmol/L","Humid","21.335","deg","103084","µV","28.013","°C","1015.000","hPa","35.0","pmil","0","55.560","deg","20.000","°C","100.000","%a.s.","22.340","deg","20.000","°C","962.000","hPa","0.861","-0.02617","0.00035","0","0","13.56","Humid","31.50","0","54.10","280856.10","SABD0002000014","AAV2.0.0.13","3.0.1.1413","PSt7-10","180509-029","9/13/2019 10:47:01 AM","0000-00","0","no battery","V"
"08/17/2021","10:11:05","10","default","328281339","OXY_CH10","13.086","min","189.219","μmol/L","Humid","21.333","deg","103078","µV","28.013","°C","1015.000","hPa","35.0","pmil","0","55.560","deg","20.000","°C","100.000","%a.s.","22.340","deg","20.000","°C","962.000","hPa","0.861","-0.02617","0.00035","0","0","13.56","Humid","31.50","0","54.10","280858.74","SABD0002000014","AAV2.0.0.13","3.0.1.1413","PSt7-10","180509-029","9/13/2019 10:47:01 AM","0000-00","0","no battery","V"
"08/17/2021","10:11:06","10","default","328281339","OXY_CH10","13.102","min","189.237","μmol/L","Humid","21.334","deg","103073","µV","28.007","°C","1015.000","hPa","35.0","pmil","0","55.560","deg","20.000","°C","100.000","%a.s.","22.340","deg","20.000","°C","962.000","hPa","0.861","-0.02617","0.00035","0","0","13.56","Humid","31.50","0","54.10","280848.93","SABD0002000014","AAV2.0.0.13","3.0.1.1413","PSt7-10","180509-029","9/13/2019 10:47:01 AM","0000-00","0","no battery","V"
"08/17/2021","10:11:07","10","default","328281339","OXY_CH10","13.119","min","189.204","μmol/L","Humid","21.336","deg","103079","µV","28.007","°C","1015.000","hPa","35.0","pmil","0","55.560","deg","20.000","°C","100.000","%a.s.","22.340","deg","20.000","°C","962.000","hPa","0.861","-0.02617","0.00035","0","0","13.56","Humid","31.50","0","54.10","280851.67","SABD0002000014","AAV2.0.0.13","3.0.1.1413","PSt7-10","180509-029","9/13/2019 10:47:01 AM","0000-00","0","no battery","V"
"08/17/2021","10:11:08","10","default","328281339","OXY_CH10","13.135","min","189.168","μmol/L","Humid","21.334","deg","103071","µV","28.019","°C","1015.000","hPa","35.0","pmil","0","55.560","deg","20.000","°C","100.000","%a.s.","22.340","deg","20.000","°C","962.000","hPa","0.861","-0.02617","0.00035","0","0","13.56","Humid","31.50","0","54.10","280851.25","SABD0002000014","AAV2.0.0.13","3.0.1.1413","PSt7-10","180509-029","9/13/2019 10:47:01 AM","0000-00","0","no battery","V"
"08/17/2021","10:11:09","10","default","328281339","OXY_CH10","13.152","min","189.218","μmol/L","Humid","21.331","deg","103068","µV","28.019","°C","1015.000","hPa","35.0","pmil","0","55.560","deg","20.000","°C","100.000","%a.s.","22.340","deg","20.000","°C","962.000","hPa","0.861","-0.02617","0.00035","0","0","13.56","Humid","31.50","0","54.10","280846.01","SABD0002000014","AAV2.0.0.13","3.0.1.1413","PSt7-10","180509-029","9/13/2019 10:47:01 AM","0000-00","0","no battery","V"
"08/17/2021","10:11:10","10","default","328281339","OXY_CH10","13.169","min","189.186","μmol/L","Humid","21.335","deg","103063","µV","28.013","°C","1015.000","hPa","35.0","pmil","0","55.560","deg","20.000","°C","100.000","%a.s.","22.340","deg","20.000","°C","962.000","hPa","0.861","-0.02617","0.00035","0","0","13.56","Humid","31.50","0","54.10","280851.43","SABD0002000014","AAV2.0.0.13","3.0.1.1413","PSt7-10","180509-029","9/13/2019 10:47:01 AM","0000-00","0","no battery","V"
"08/17/2021","10:11:11","10","default","328281339","OXY_CH10","13.185","min","189.234","μmol/L","Humid","21.330","deg","103054","µV","28.019","°C","1015.000","hPa","35.0","pmil","0","55.560","deg","20.000","°C","100.000","%a.s.","22.340","deg","20.000","°C","962.000","hPa","0.861","-0.02617","0.00035","0","0","13.56","Humid","31.50","0","54.10","280845.11","SABD0002000014","AAV2.0.0.13","3.0.1.1413","PSt7-10","180509-029","9/13/2019 10:47:01 AM","0000-00","0","no battery","V"
"08/17/2021","10:11:12","10","default","328281339","OXY_CH10","13.202","min","189.234","μmol/L","Humid","21.330","deg","103050","µV","28.019","°C","1015.000","hPa","35.0","pmil","0","55.560","deg","20.000","°C","100.000","%a.s.","22.340","deg","20.000","°C","962.000","hPa","0.861","-0.02617","0.00035","0","0","13.56","Humid","31.50","0","54.10","280855.79","SABD0002000014","AAV2.0.0.13","3.0.1.1413","PSt7-10","180509-029","9/13/2019 10:47:01 AM","0000-00","0","no battery","V"
"08/17/2021","10:11:13","10","default","328281339","OXY_CH10","13.219","min","189.371","μmol/L","Humid","21.326","deg","103047","µV","28.007","°C","1015.000","hPa","35.0","pmil","0","55.560","deg","20.000","°C","100.000","%a.s.","22.340","deg","20.000","°C","962.000","hPa","0.861","-0.02617","0.00035","0","0","13.56","Humid","31.50","0","54.10","280854.17","SABD0002000014","AAV2.0.0.13","3.0.1.1413","PSt7-10","180509-029","9/13/2019 10:47:01 AM","0000-00","0","no battery","V"
"08/17/2021","10:11:14","10","default","328281339","OXY_CH10","13.235","min","189.200","μmol/L","Humid","21.330","deg","103049","µV","28.025","°C","1015.000","hPa","35.0","pmil","0","55.560","deg","20.000","°C","100.000","%a.s.","22.340","deg","20.000","°C","962.000","hPa","0.861","-0.02617","0.00035","0","0","13.56","Humid","31.50","0","54.10","280855.46","SABD0002000014","AAV2.0.0.13","3.0.1.1413","PSt7-10","180509-029","9/13/2019 10:47:01 AM","0000-00","0","no battery","V"
"08/17/2021","10:11:15","10","default","328281339","OXY_CH10","13.252","min","189.268","μmol/L","Humid","21.328","deg","103041","µV","28.019","°C","1015.000","hPa","35.0","pmil","0","55.560","deg","20.000","°C","100.000","%a.s.","22.340","deg","20.000","°C","962.000","hPa","0.861","-0.02617","0.00035","0","0","13.56","Humid","31.50","0","54.10","280853.79","SABD0002000014","AAV2.0.0.13","3.0.1.1413","PSt7-10","180509-029","9/13/2019 10:47:01 AM","0000-00","0","no battery","V"
"08/17/2021","10:11:16","10","default","328281339","OXY_CH10","13.268","min","189.368","μmol/L","Humid","21.322","deg","103029","µV","28.019","°C","1015.000","hPa","35.0","pmil","0","55.560","deg","20.000","°C","100.000","%a.s.","22.340","deg","20.000","°C","962.000","hPa","0.861","-0.02617","0.00035","0","0","13.56","Humid","31.50","0","54.10","280847.42","SABD0002000014","AAV2.0.0.13","3.0.1.1413","PSt7-10","180509-029","9/13/2019 10:47:01 AM","0000-00","0","no battery","V"
"08/17/2021","10:11:17","10","default","328281339","OXY_CH10","13.286","min","189.401","μmol/L","Humid","21.320","deg","103021","µV","28.019","°C","1015.000","hPa","35.0","pmil","0","55.560","deg","20.000","°C","100.000","%a.s.","22.340","deg","20.000","°C","962.000","hPa","0.861","-0.02617","0.00035","0","0","13.56","Humid","31.50","0","54.10","280857.70","SABD0002000014","AAV2.0.0.13","3.0.1.1413","PSt7-10","180509-029","9/13/2019 10:47:01 AM","0000-00","0","no battery","V"
"08/17/2021","10:11:18","10","default","328281339","OXY_CH10","13.302","min","189.334","μmol/L","Humid","21.324","deg","103014","µV","28.019","°C","1015.000","hPa","35.0","pmil","0","55.560","deg","20.000","°C","100.000","%a.s.","22.340","deg","20.000","°C","962.000","hPa","0.861","-0.02617","0.00035","0","0","13.56","Humid","31.50","0","54.10","280838.31","SABD0002000014","AAV2.0.0.13","3.0.1.1413","PSt7-10","180509-029","9/13/2019 10:47:01 AM","0000-00","0","no battery","V"
"08/17/2021","10:11:19","10","default","328281339","OXY_CH10","13.319","min","189.386","μmol/L","Humid","21.323","deg","103019","µV","28.013","°C","1015.000","hPa","35.0","pmil","0","55.560","deg","20.000","°C","100.000","%a.s.","22.340","deg","20.000","°C","962.000","hPa","0.861","-0.02617","0.00035","0","0","13.56","Humid","31.50","0","54.10","280848.91","SABD0002000014","AAV2.0.0.13","3.0.1.1413","PSt7-10","180509-029","9/13/2019 10:47:01 AM","0000-00","0","no battery","V"
"08/17/2021","10:11:20","10","default","328281339","OXY_CH10","13.336","min","189.350","μmol/L","Humid","21.321","deg","103013","µV","28.025","°C","1015.000","hPa","35.0","pmil","0","55.560","deg","20.000","°C","100.000","%a.s.","22.340","deg","20.000","°C","962.000","hPa","0.861","-0.02617","0.00035","0","0","13.56","Humid","31.50","0","54.10","280852.78","SABD0002000014","AAV2.0.0.13","3.0.1.1413","PSt7-10","180509-029","9/13/2019 10:47:01 AM","0000-00","0","no battery","V"
"08/17/2021","10:11:21","10","default","328281339","OXY_CH10","13.352","min","189.368","μmol/L","Humid","21.322","deg","103015","µV","28.019","°C","1015.000","hPa","35.0","pmil","0","55.560","deg","20.000","°C","100.000","%a.s.","22.340","deg","20.000","°C","962.000","hPa","0.861","-0.02617","0.00035","0","0","13.56","Humid","31.50","0","54.10","280845.28","SABD0002000014","AAV2.0.0.13","3.0.1.1413","PSt7-10","180509-029","9/13/2019 10:47:01 AM","0000-00","0","no battery","V"
"08/17/2021","10:11:22","10","default","328281339","OXY_CH10","13.369","min","189.353","μmol/L","Humid","21.325","deg","103019","µV","28.013","°C","1015.000","hPa","35.0","pmil","0","55.560","deg","20.000","°C","100.000","%a.s.","22.340","deg","20.000","°C","962.000","hPa","0.861","-0.02617","0.00035","0","0","13.56","Humid","31.50","0","54.10","280844.97","SABD0002000014","AAV2.0.0.13","3.0.1.1413","PSt7-10","180509-029","9/13/2019 10:47:01 AM","0000-00","0","no battery","V"
"08/17/2021","10:11:23","10","default","328281339","OXY_CH10","13.385","min","189.368","μmol/L","Humid","21.322","deg","103005","µV","28.019","°C","1015.000","hPa","35.0","pmil","0","55.560","deg","20.000","°C","100.000","%a.s.","22.340","deg","20.000","°C","962.000","hPa","0.861","-0.02617","0.00035","0","0","13.56","Humid","31.50","0","54.10","280837.32","SABD0002000014","AAV2.0.0.13","3.0.1.1413","PSt7-10","180509-029","9/13/2019 10:47:01 AM","0000-00","0","no battery","V"
"08/17/2021","10:11:24","10","default","328281339","OXY_CH10","13.402","min","189.368","μmol/L","Humid","21.322","deg","103004","µV","28.019","°C","1015.000","hPa","35.0","pmil","0","55.560","deg","20.000","°C","100.000","%a.s.","22.340","deg","20.000","°C","962.000","hPa","0.861","-0.02617","0.00035","0","0","13.56","Humid","31.50","0","54.10","280847.23","SABD0002000014","AAV2.0.0.13","3.0.1.1413","PSt7-10","180509-029","9/13/2019 10:47:01 AM","0000-00","0","no battery","V"
"08/17/2021","10:11:25","10","default","328281339","OXY_CH10","13.419","min","189.383","μmol/L","Humid","21.319","deg","102996","µV","28.025","°C","1015.000","hPa","35.0","pmil","0","55.560","deg","20.000","°C","100.000","%a.s.","22.340","deg","20.000","°C","962.000","hPa","0.861","-0.02617","0.00035","0","0","13.56","Humid","31.50","0","54.10","280842.08","SABD0002000014","AAV2.0.0.13","3.0.1.1413","PSt7-10","180509-029","9/13/2019 10:47:01 AM","0000-00","0","no battery","V"
"08/17/2021","10:11:26","10","default","328281339","OXY_CH10","13.435","min","189.366","μmol/L","Humid","21.320","deg","102994","µV","28.025","°C","1015.000","hPa","35.0","pmil","0","55.560","deg","20.000","°C","100.000","%a.s.","22.340","deg","20.000","°C","962.000","hPa","0.861","-0.02617","0.00035","0","0","13.56","Humid","31.50","0","54.10","280841.69","SABD0002000014","AAV2.0.0.13","3.0.1.1413","PSt7-10","180509-029","9/13/2019 10:47:01 AM","0000-00","0","no battery","V"
"08/17/2021","10:11:27","10","default","328281339","OXY_CH10","13.452","min","189.383","μmol/L","Humid","21.319","deg","102985","µV","28.025","°C","1015.000","hPa","35.0","pmil","0","55.560","deg","20.000","°C","100.000","%a.s.","22.340","deg","20.000","°C","962.000","hPa","0.861","-0.02617","0.00035","0","0","13.56","Humid","31.50","0","54.10","280837.93","SABD0002000014","AAV2.0.0.13","3.0.1.1413","PSt7-10","180509-029","9/13/2019 10:47:01 AM","0000-00","0","no battery","V"
"08/17/2021","10:11:28","10","default","328281339","OXY_CH10","13.469","min","189.484","μmol/L","Humid","21.315","deg","102980","µV","28.019","°C","1015.000","hPa","35.0","pmil","0","55.560","deg","20.000","°C","100.000","%a.s.","22.340","deg","20.000","°C","962.000","hPa","0.861","-0.02617","0.00035","0","0","13.56","Humid","31.50","0","54.10","280833.32","SABD0002000014","AAV2.0.0.13","3.0.1.1413","PSt7-10","180509-029","9/13/2019 10:47:01 AM","0000-00","0","no battery","V"
"08/17/2021","10:11:29","10","default","328281339","OXY_CH10","13.485","min","189.418","μmol/L","Humid","21.319","deg","102973","µV","28.019","°C","1015.000","hPa","35.0","pmil","0","55.560","deg","20.000","°C","100.000","%a.s.","22.340","deg","20.000","°C","962.000","hPa","0.861","-0.02617","0.00035","0","0","13.56","Humid","31.50","0","54.10","280831.91","SABD0002000014","AAV2.0.0.13","3.0.1.1413","PSt7-10","180509-029","9/13/2019 10:47:01 AM","0000-00","0","no battery","V"
"08/17/2021","10:11:30","10","default","328281339","OXY_CH10","13.502","min","189.468","μmol/L","Humid","21.316","deg","102968","µV","28.019","°C","1015.000","hPa","35.0","pmil","0","55.560","deg","20.000","°C","100.000","%a.s.","22.340","deg","20.000","°C","962.000","hPa","0.861","-0.02617","0.00035","0","0","13.56","Humid","31.50","0","54.10","280835.75","SABD0002000014","AAV2.0.0.13","3.0.1.1413","PSt7-10","180509-029","9/13/2019 10:47:01 AM","0000-00","0","no battery","V"
"08/17/2021","10:11:31","10","default","328281339","OXY_CH10","13.519","min","189.551","μmol/L","Humid","21.311","deg","102965","µV","28.019","°C","1015.000","hPa","35.0","pmil","0","55.560","deg","20.000","°C","100.000","%a.s.","22.340","deg","20.000","°C","962.000","hPa","0.861","-0.02617","0.00035","0","0","13.56","Humid","31.50","0","54.10","280834.03","SABD0002000014","AAV2.0.0.13","3.0.1.1413","PSt7-10","180509-029","9/13/2019 10:47:01 AM","0000-00","0","no battery","V"
"08/17/2021","10:11:32","10","default","328281339","OXY_CH10","13.535","min","189.484","μmol/L","Humid","21.315","deg","102956","µV","28.019","°C","1015.000","hPa","35.0","pmil","0","55.560","deg","20.000","°C","100.000","%a.s.","22.340","deg","20.000","°C","962.000","hPa","0.861","-0.02617","0.00035","0","0","13.56","Humid","31.50","0","54.10","280822.85","SABD0002000014","AAV2.0.0.13","3.0.1.1413","PSt7-10","180509-029","9/13/2019 10:47:01 AM","0000-00","0","no battery","V"
"08/17/2021","10:11:33","10","default","328281339","OXY_CH10","13.552","min","189.568","μmol/L","Humid","21.310","deg","102960","µV","28.019","°C","1015.000","hPa","35.0","pmil","0","55.560","deg","20.000","°C","100.000","%a.s.","22.340","deg","20.000","°C","962.000","hPa","0.861","-0.02617","0.00035","0","0","13.56","Humid","31.50","0","54.10","280832.73","SABD0002000014","AAV2.0.0.13","3.0.1.1413","PSt7-10","180509-029","9/13/2019 10:47:01 AM","0000-00","0","no battery","V"
"08/17/2021","10:11:34","10","default","328281339","OXY_CH10","13.569","min","189.518","μmol/L","Humid","21.313","deg","102956","µV","28.019","°C","1015.000","hPa","35.0","pmil","0","55.560","deg","20.000","°C","100.000","%a.s.","22.340","deg","20.000","°C","962.000","hPa","0.861","-0.02617","0.00035","0","0","13.56","Humid","31.50","0","54.10","280829.52","SABD0002000014","AAV2.0.0.13","3.0.1.1413","PSt7-10","180509-029","9/13/2019 10:47:01 AM","0000-00","0","no battery","V"
"08/17/2021","10:11:35","10","default","328281339","OXY_CH10","13.586","min","189.533","μmol/L","Humid","21.310","deg","102948","µV","28.025","°C","1015.000","hPa","35.0","pmil","0","55.560","deg","20.000","°C","100.000","%a.s.","22.340","deg","20.000","°C","962.000","hPa","0.861","-0.02617","0.00035","0","0","13.56","Humid","31.50","0","54.10","280831.71","SABD0002000014","AAV2.0.0.13","3.0.1.1413","PSt7-10","180509-029","9/13/2019 10:47:01 AM","0000-00","0","no battery","V"
"08/17/2021","10:11:36","10","default","328281339","OXY_CH10","13.603","min","189.603","μmol/L","Humid","21.310","deg","102944","µV","28.013","°C","1015.000","hPa","35.0","pmil","0","55.560","deg","20.000","°C","100.000","%a.s.","22.340","deg","20.000","°C","962.000","hPa","0.861","-0.02617","0.00035","0","0","13.56","Humid","31.50","0","54.10","280828.80","SABD0002000014","AAV2.0.0.13","3.0.1.1413","PSt7-10","180509-029","9/13/2019 10:47:01 AM","0000-00","0","no battery","V"
"08/17/2021","10:11:37","10","default","328281339","OXY_CH10","13.619","min","189.533","μmol/L","Humid","21.310","deg","102940","µV","28.025","°C","1015.000","hPa","35.0","pmil","0","55.560","deg","20.000","°C","100.000","%a.s.","22.340","deg","20.000","°C","962.000","hPa","0.861","-0.02617","0.00035","0","0","13.56","Humid","31.50","0","54.10","280818.99","SABD0002000014","AAV2.0.0.13","3.0.1.1413","PSt7-10","180509-029","9/13/2019 10:47:01 AM","0000-00","0","no battery","V"
"08/17/2021","10:11:38","10","default","328281339","OXY_CH10","13.636","min","189.483","μmol/L","Humid","21.313","deg","102948","µV","28.025","°C","1015.000","hPa","35.0","pmil","0","55.560","deg","20.000","°C","100.000","%a.s.","22.340","deg","20.000","°C","962.000","hPa","0.861","-0.02617","0.00035","0","0","13.56","Humid","31.50","0","54.10","280825.52","SABD0002000014","AAV2.0.0.13","3.0.1.1413","PSt7-10","180509-029","9/13/2019 10:47:01 AM","0000-00","0","no battery","V"
"08/17/2021","10:11:39","10","default","328281339","OXY_CH10","13.653","min","189.583","μmol/L","Humid","21.307","deg","102942","µV","28.025","°C","1015.000","hPa","35.0","pmil","0","55.560","deg","20.000","°C","100.000","%a.s.","22.340","deg","20.000","°C","962.000","hPa","0.861","-0.02617","0.00035","0","0","13.56","Humid","31.50","0","54.10","280814.88","SABD0002000014","AAV2.0.0.13","3.0.1.1413","PSt7-10","180509-029","9/13/2019 10:47:01 AM","0000-00","0","no battery","V"
"08/17/2021","10:11:40","10","default","328281339","OXY_CH10","13.669","min","189.534","μmol/L","Humid","21.312","deg","102931","µV","28.019","°C","1015.000","hPa","35.0","pmil","0","55.560","deg","20.000","°C","100.000","%a.s.","22.340","deg","20.000","°C","962.000","hPa","0.861","-0.02617","0.00035","0","0","13.56","Humid","31.50","0","54.10","280817.77","SABD0002000014","AAV2.0.0.13","3.0.1.1413","PSt7-10","180509-029","9/13/2019 10:47:01 AM","0000-00","0","no battery","V"
"08/17/2021","10:11:41","10","default","328281339","OXY_CH10","13.686","min","189.568","μmol/L","Humid","21.310","deg","102936","µV","28.019","°C","1015.000","hPa","35.0","pmil","0","55.560","deg","20.000","°C","100.000","%a.s.","22.340","deg","20.000","°C","962.000","hPa","0.861","-0.02617","0.00035","0","0","13.56","Humid","31.50","0","54.10","280816.65","SABD0002000014","AAV2.0.0.13","3.0.1.1413","PSt7-10","180509-029","9/13/2019 10:47:01 AM","0000-00","0","no battery","V"
"08/17/2021","10:11:42","10","default","328281339","OXY_CH10","13.702","min","189.583","μmol/L","Humid","21.307","deg","102926","µV","28.025","°C","1015.000","hPa","35.0","pmil","0","55.560","deg","20.000","°C","100.000","%a.s.","22.340","deg","20.000","°C","962.000","hPa","0.861","-0.02617","0.00035","0","0","13.56","Humid","31.50","0","54.10","280812.70","SABD0002000014","AAV2.0.0.13","3.0.1.1413","PSt7-10","180509-029","9/13/2019 10:47:01 AM","0000-00","0","no battery","V"
"08/17/2021","10:11:43","10","default","328281339","OXY_CH10","13.719","min","189.600","μmol/L","Humid","21.306","deg","102929","µV","28.025","°C","1015.000","hPa","35.0","pmil","0","55.560","deg","20.000","°C","100.000","%a.s.","22.340","deg","20.000","°C","962.000","hPa","0.861","-0.02617","0.00035","0","0","13.56","Humid","31.50","0","54.10","280815.58","SABD0002000014","AAV2.0.0.13","3.0.1.1413","PSt7-10","180509-029","9/13/2019 10:47:01 AM","0000-00","0","no battery","V"
"08/17/2021","10:11:44","10","default","328281339","OXY_CH10","13.735","min","189.550","μmol/L","Humid","21.309","deg","102928","µV","28.025","°C","1015.000","hPa","35.0","pmil","0","55.560","deg","20.000","°C","100.000","%a.s.","22.340","deg","20.000","°C","962.000","hPa","0.861","-0.02617","0.00035","0","0","13.56","Humid","31.50","0","54.10","280824.45","SABD0002000014","AAV2.0.0.13","3.0.1.1413","PSt7-10","180509-029","9/13/2019 10:47:01 AM","0000-00","0","no battery","V"
"08/17/2021","10:11:45","10","default","328281339","OXY_CH10","13.752","min","189.583","μmol/L","Humid","21.307","deg","102912","µV","28.025","°C","1015.000","hPa","35.0","pmil","0","55.560","deg","20.000","°C","100.000","%a.s.","22.340","deg","20.000","°C","962.000","hPa","0.861","-0.02617","0.00035","0","0","13.56","Humid","31.50","0","54.10","280820.68","SABD0002000014","AAV2.0.0.13","3.0.1.1413","PSt7-10","180509-029","9/13/2019 10:47:01 AM","0000-00","0","no battery","V"
"08/17/2021","10:11:46","10","default","328281339","OXY_CH10","13.769","min","189.668","μmol/L","Humid","21.304","deg","102918","µV","28.019","°C","1015.000","hPa","35.0","pmil","0","55.560","deg","20.000","°C","100.000","%a.s.","22.340","deg","20.000","°C","962.000","hPa","0.861","-0.02617","0.00035","0","0","13.56","Humid","31.50","0","54.10","280826.42","SABD0002000014","AAV2.0.0.13","3.0.1.1413","PSt7-10","180509-029","9/13/2019 10:47:01 AM","0000-00","0","no battery","V"
"08/17/2021","10:11:47","10","default","328281339","OXY_CH10","13.785","min","189.583","μmol/L","Humid","21.307","deg","102911","µV","28.025","°C","1015.000","hPa","35.0","pmil","0","55.560","deg","20.000","°C","100.000","%a.s.","22.340","deg","20.000","°C","962.000","hPa","0.861","-0.02617","0.00035","0","0","13.56","Humid","31.50","0","54.10","280816.72","SABD0002000014","AAV2.0.0.13","3.0.1.1413","PSt7-10","180509-029","9/13/2019 10:47:01 AM","0000-00","0","no battery","V"
"08/17/2021","10:11:48","10","default","328281339","OXY_CH10","13.802","min","189.685","μmol/L","Humid","21.303","deg","102900","µV","28.019","°C","1015.000","hPa","35.0","pmil","0","55.560","deg","20.000","°C","100.000","%a.s.","22.340","deg","20.000","°C","962.000","hPa","0.861","-0.02617","0.00035","0","0","13.56","Humid","31.50","0","54.10","280815.18","SABD0002000014","AAV2.0.0.13","3.0.1.1413","PSt7-10","180509-029","9/13/2019 10:47:01 AM","0000-00","0","no battery","V"
"08/17/2021","10:11:49","10","default","328281339","OXY_CH10","13.819","min","189.648","μmol/L","Humid","21.301","deg","102905","µV","28.031","°C","1015.000","hPa","35.0","pmil","0","55.560","deg","20.000","°C","100.000","%a.s.","22.340","deg","20.000","°C","962.000","hPa","0.861","-0.02617","0.00035","0","0","13.56","Humid","31.50","0","54.10","280820.71","SABD0002000014","AAV2.0.0.13","3.0.1.1413","PSt7-10","180509-029","9/13/2019 10:47:01 AM","0000-00","0","no battery","V"
"08/17/2021","10:11:50","10","default","328281339","OXY_CH10","13.835","min","189.650","μmol/L","Humid","21.303","deg","102892","µV","28.025","°C","1015.000","hPa","35.0","pmil","0","55.560","deg","20.000","°C","100.000","%a.s.","22.340","deg","20.000","°C","962.000","hPa","0.861","-0.02617","0.00035","0","0","13.56","Humid","31.50","0","54.10","280812.21","SABD0002000014","AAV2.0.0.13","3.0.1.1413","PSt7-10","180509-029","9/13/2019 10:47:01 AM","0000-00","0","no battery","V"
"08/17/2021","10:11:51","10","default","328281339","OXY_CH10","13.852","min","189.582","μmol/L","Humid","21.305","deg","102892","µV","28.031","°C","1015.000","hPa","35.0","pmil","0","55.560","deg","20.000","°C","100.000","%a.s.","22.340","deg","20.000","°C","962.000","hPa","0.861","-0.02617","0.00035","0","0","13.56","Humid","31.50","0","54.10","280809.23","SABD0002000014","AAV2.0.0.13","3.0.1.1413","PSt7-10","180509-029","9/13/2019 10:47:01 AM","0000-00","0","no battery","V"
"08/17/2021","10:11:52","10","default","328281339","OXY_CH10","13.869","min","189.750","μmol/L","Humid","21.297","deg","102877","µV","28.025","°C","1015.000","hPa","35.0","pmil","0","55.560","deg","20.000","°C","100.000","%a.s.","22.340","deg","20.000","°C","962.000","hPa","0.861","-0.02617","0.00035","0","0","13.56","Humid","31.50","0","54.10","280808.67","SABD0002000014","AAV2.0.0.13","3.0.1.1413","PSt7-10","180509-029","9/13/2019 10:47:01 AM","0000-00","0","no battery","V"
"08/17/2021","10:11:53","10","default","328281339","OXY_CH10","13.885","min","189.700","μmol/L","Humid","21.300","deg","102886","µV","28.025","°C","1015.000","hPa","35.0","pmil","0","55.560","deg","20.000","°C","100.000","%a.s.","22.340","deg","20.000","°C","962.000","hPa","0.861","-0.02617","0.00035","0","0","13.56","Humid","31.50","0","54.10","280810.64","SABD0002000014","AAV2.0.0.13","3.0.1.1413","PSt7-10","180509-029","9/13/2019 10:47:01 AM","0000-00","0","no battery","V"
"08/17/2021","10:11:54","10","default","328281339","OXY_CH10","13.902","min","189.768","μmol/L","Humid","21.298","deg","102881","µV","28.019","°C","1015.000","hPa","35.0","pmil","0","55.560","deg","20.000","°C","100.000","%a.s.","22.340","deg","20.000","°C","962.000","hPa","0.861","-0.02617","0.00035","0","0","13.56","Humid","31.50","0","54.10","280819.43","SABD0002000014","AAV2.0.0.13","3.0.1.1413","PSt7-10","180509-029","9/13/2019 10:47:01 AM","0000-00","0","no battery","V"
"08/17/2021","10:11:55","10","default","328281339","OXY_CH10","13.919","min","189.717","μmol/L","Humid","21.299","deg","102870","µV","28.025","°C","1015.000","hPa","35.0","pmil","0","55.560","deg","20.000","°C","100.000","%a.s.","22.340","deg","20.000","°C","962.000","hPa","0.861","-0.02617","0.00035","0","0","13.56","Humid","31.50","0","54.10","280803.69","SABD0002000014","AAV2.0.0.13","3.0.1.1413","PSt7-10","180509-029","9/13/2019 10:47:01 AM","0000-00","0","no battery","V"
"08/17/2021","10:11:56","10","default","328281339","OXY_CH10","13.935","min","189.698","μmol/L","Humid","21.298","deg","102865","µV","28.031","°C","1015.000","hPa","35.0","pmil","0","55.560","deg","20.000","°C","100.000","%a.s.","22.340","deg","20.000","°C","962.000","hPa","0.861","-0.02617","0.00035","0","0","13.56","Humid","31.50","0","54.10","280815.83","SABD0002000014","AAV2.0.0.13","3.0.1.1413","PSt7-10","180509-029","9/13/2019 10:47:01 AM","0000-00","0","no battery","V"
"08/17/2021","10:11:57","10","default","328281339","OXY_CH10","13.952","min","189.732","μmol/L","Humid","21.296","deg","102863","µV","28.031","°C","1015.000","hPa","35.0","pmil","0","55.560","deg","20.000","°C","100.000","%a.s.","22.340","deg","20.000","°C","962.000","hPa","0.861","-0.02617","0.00035","0","0","13.56","Humid","31.50","0","54.10","280807.32","SABD0002000014","AAV2.0.0.13","3.0.1.1413","PSt7-10","180509-029","9/13/2019 10:47:01 AM","0000-00","0","no battery","V"
"08/17/2021","10:11:58","10","default","328281339","OXY_CH10","13.969","min","189.698","μmol/L","Humid","21.298","deg","102862","µV","28.031","°C","1015.000","hPa","35.0","pmil","0","55.560","deg","20.000","°C","100.000","%a.s.","22.340","deg","20.000","°C","962.000","hPa","0.861","-0.02617","0.00035","0","0","13.56","Humid","31.50","0","54.10","280806.88","SABD0002000014","AAV2.0.0.13","3.0.1.1413","PSt7-10","180509-029","9/13/2019 10:47:01 AM","0000-00","0","no battery","V"
"08/17/2021","10:11:59","10","default","328281339","OXY_CH10","13.985","min","189.783","μmol/L","Humid","21.295","deg","102860","µV","28.025","°C","1015.000","hPa","35.0","pmil","0","55.560","deg","20.000","°C","100.000","%a.s.","22.340","deg","20.000","°C","962.000","hPa","0.861","-0.02617","0.00035","0","0","13.56","Humid","31.50","0","54.10","280808.22","SABD0002000014","AAV2.0.0.13","3.0.1.1413","PSt7-10","180509-029","9/13/2019 10:47:01 AM","0000-00","0","no battery","V"
"08/17/2021","10:12:00","10","default","328281339","OXY_CH10","14.002","min","189.767","μmol/L","Humid","21.296","deg","102854","µV","28.025","°C","1015.000","hPa","35.0","pmil","0","55.560","deg","20.000","°C","100.000","%a.s.","22.340","deg","20.000","°C","962.000","hPa","0.861","-0.02617","0.00035","0","0","13.56","Humid","31.50","0","54.10","280814.14","SABD0002000014","AAV2.0.0.13","3.0.1.1413","PSt7-10","180509-029","9/13/2019 10:47:01 AM","0000-00","0","no battery","V"
"08/17/2021","10:12:01","10","default","328281339","OXY_CH10","14.019","min","189.783","μmol/L","Humid","21.295","deg","102849","µV","28.025","°C","1015.000","hPa","35.0","pmil","0","55.560","deg","20.000","°C","100.000","%a.s.","22.340","deg","20.000","°C","962.000","hPa","0.861","-0.02617","0.00035","0","0","13.56","Humid","31.50","0","54.10","280811.85","SABD0002000014","AAV2.0.0.13","3.0.1.1413","PSt7-10","180509-029","9/13/2019 10:47:01 AM","0000-00","0","no battery","V"
"08/17/2021","10:12:02","10","default","328281339","OXY_CH10","14.035","min","189.815","μmol/L","Humid","21.291","deg","102842","µV","28.031","°C","1015.000","hPa","35.0","pmil","0","55.560","deg","20.000","°C","100.000","%a.s.","22.340","deg","20.000","°C","962.000","hPa","0.861","-0.02617","0.00035","0","0","13.56","Humid","31.50","0","54.10","280811.68","SABD0002000014","AAV2.0.0.13","3.0.1.1413","PSt7-10","180509-029","9/13/2019 10:47:01 AM","0000-00","0","no battery","V"
"08/17/2021","10:12:03","10","default","328281339","OXY_CH10","14.052","min","189.747","μmol/L","Humid","21.293","deg","102842","µV","28.037","°C","1015.000","hPa","35.0","pmil","0","55.560","deg","20.000","°C","100.000","%a.s.","22.340","deg","20.000","°C","962.000","hPa","0.861","-0.02617","0.00035","0","0","13.56","Humid","31.50","0","54.10","280803.21","SABD0002000014","AAV2.0.0.13","3.0.1.1413","PSt7-10","180509-029","9/13/2019 10:47:01 AM","0000-00","0","no battery","V"
"08/17/2021","10:12:04","10","default","328281339","OXY_CH10","14.069","min","189.815","μmol/L","Humid","21.291","deg","102839","µV","28.031","°C","1015.000","hPa","35.0","pmil","0","55.560","deg","20.000","°C","100.000","%a.s.","22.340","deg","20.000","°C","962.000","hPa","0.861","-0.02617","0.00035","0","0","13.56","Humid","31.50","0","54.10","280804.40","SABD0002000014","AAV2.0.0.13","3.0.1.1413","PSt7-10","180509-029","9/13/2019 10:47:01 AM","0000-00","0","no battery","V"
"08/17/2021","10:12:05","10","default","328281339","OXY_CH10","14.085","min","189.884","μmol/L","Humid","21.289","deg","102829","µV","28.025","°C","1015.000","hPa","35.0","pmil","0","55.560","deg","20.000","°C","100.000","%a.s.","22.340","deg","20.000","°C","962.000","hPa","0.861","-0.02617","0.00035","0","0","13.56","Humid","31.50","0","54.10","280794.73","SABD0002000014","AAV2.0.0.13","3.0.1.1413","PSt7-10","180509-029","9/13/2019 10:47:01 AM","0000-00","0","no battery","V"
"08/17/2021","10:12:06","10","default","328281339","OXY_CH10","14.102","min","189.799","μmol/L","Humid","21.292","deg","102833","µV","28.031","°C","1015.000","hPa","35.0","pmil","0","55.560","deg","20.000","°C","100.000","%a.s.","22.340","deg","20.000","°C","962.000","hPa","0.861","-0.02617","0.00035","0","0","13.56","Humid","31.50","0","54.10","280801.38","SABD0002000014","AAV2.0.0.13","3.0.1.1413","PSt7-10","180509-029","9/13/2019 10:47:01 AM","0000-00","0","no battery","V"
"08/17/2021","10:12:07","10","default","328281339","OXY_CH10","14.119","min","189.884","μmol/L","Humid","21.289","deg","102828","µV","28.025","°C","1015.000","hPa","35.0","pmil","0","55.560","deg","20.000","°C","100.000","%a.s.","22.340","deg","20.000","°C","962.000","hPa","0.861","-0.02617","0.00035","0","0","13.56","Humid","31.50","0","54.10","280800.48","SABD0002000014","AAV2.0.0.13","3.0.1.1413","PSt7-10","180509-029","9/13/2019 10:47:01 AM","0000-00","0","no battery","V"
"08/17/2021","10:12:08","10","default","328281339","OXY_CH10","14.136","min","189.865","μmol/L","Humid","21.288","deg","102826","µV","28.031","°C","1015.000","hPa","35.0","pmil","0","55.560","deg","20.000","°C","100.000","%a.s.","22.340","deg","20.000","°C","962.000","hPa","0.861","-0.02617","0.00035","0","0","13.56","Humid","31.50","0","54.10","280796.57","SABD0002000014","AAV2.0.0.13","3.0.1.1413","PSt7-10","180509-029","9/13/2019 10:47:01 AM","0000-00","0","no battery","V"
"08/17/2021","10:12:09","10","default","328281339","OXY_CH10","14.153","min","189.814","μmol/L","Humid","21.289","deg","102815","µV","28.037","°C","1015.000","hPa","35.0","pmil","0","55.560","deg","20.000","°C","100.000","%a.s.","22.340","deg","20.000","°C","962.000","hPa","0.861","-0.02617","0.00035","0","0","13.56","Humid","31.50","0","54.10","280797.16","SABD0002000014","AAV2.0.0.13","3.0.1.1413","PSt7-10","180509-029","9/13/2019 10:47:01 AM","0000-00","0","no battery","V"
"08/17/2021","10:12:10","10","default","328281339","OXY_CH10","14.169","min","189.917","μmol/L","Humid","21.287","deg","102807","µV","28.025","°C","1015.000","hPa","35.0","pmil","0","55.560","deg","20.000","°C","100.000","%a.s.","22.340","deg","20.000","°C","962.000","hPa","0.861","-0.02617","0.00035","0","0","13.56","Humid","31.50","0","54.10","280804.65","SABD0002000014","AAV2.0.0.13","3.0.1.1413","PSt7-10","180509-029","9/13/2019 10:47:01 AM","0000-00","0","no battery","V"
"08/17/2021","10:12:11","10","default","328281339","OXY_CH10","14.186","min","189.916","μmol/L","Humid","21.285","deg","102815","µV","28.031","°C","1015.000","hPa","35.0","pmil","0","55.560","deg","20.000","°C","100.000","%a.s.","22.340","deg","20.000","°C","962.000","hPa","0.861","-0.02617","0.00035","0","0","13.56","Humid","31.50","0","54.10","280797.42","SABD0002000014","AAV2.0.0.13","3.0.1.1413","PSt7-10","180509-029","9/13/2019 10:47:01 AM","0000-00","0","no battery","V"
"08/17/2021","10:12:12","10","default","328281339","OXY_CH10","14.202","min","189.882","μmol/L","Humid","21.287","deg","102806","µV","28.031","°C","1015.000","hPa","35.0","pmil","0","55.560","deg","20.000","°C","100.000","%a.s.","22.340","deg","20.000","°C","962.000","hPa","0.861","-0.02617","0.00035","0","0","13.56","Humid","31.50","0","54.10","280800.52","SABD0002000014","AAV2.0.0.13","3.0.1.1413","PSt7-10","180509-029","9/13/2019 10:47:01 AM","0000-00","0","no battery","V"
"08/17/2021","10:12:13","10","default","328281339","OXY_CH10","14.219","min","189.797","μmol/L","Humid","21.290","deg","102802","µV","28.037","°C","1015.000","hPa","35.0","pmil","0","55.560","deg","20.000","°C","100.000","%a.s.","22.340","deg","20.000","°C","962.000","hPa","0.861","-0.02617","0.00035","0","0","13.56","Humid","31.50","0","54.10","280810.06","SABD0002000014","AAV2.0.0.13","3.0.1.1413","PSt7-10","180509-029","9/13/2019 10:47:01 AM","0000-00","0","no battery","V"
"08/17/2021","10:12:14","10","default","328281339","OXY_CH10","14.236","min","189.949","μmol/L","Humid","21.283","deg","102802","µV","28.031","°C","1015.000","hPa","35.0","pmil","0","55.560","deg","20.000","°C","100.000","%a.s.","22.340","deg","20.000","°C","962.000","hPa","0.861","-0.02617","0.00035","0","0","13.56","Humid","31.50","0","54.10","280800.81","SABD0002000014","AAV2.0.0.13","3.0.1.1413","PSt7-10","180509-029","9/13/2019 10:47:01 AM","0000-00","0","no battery","V"
"08/17/2021","10:12:15","10","default","328281339","OXY_CH10","14.252","min","189.949","μmol/L","Humid","21.283","deg","102796","µV","28.031","°C","1015.000","hPa","35.0","pmil","0","55.560","deg","20.000","°C","100.000","%a.s.","22.340","deg","20.000","°C","962.000","hPa","0.861","-0.02617","0.00035","0","0","13.56","Humid","31.50","0","54.10","280790.21","SABD0002000014","AAV2.0.0.13","3.0.1.1413","PSt7-10","180509-029","9/13/2019 10:47:01 AM","0000-00","0","no battery","V"
"08/17/2021","10:12:16","10","default","328281339","OXY_CH10","14.269","min","189.864","μmol/L","Humid","21.286","deg","102793","µV","28.037","°C","1015.000","hPa","35.0","pmil","0","55.560","deg","20.000","°C","100.000","%a.s.","22.340","deg","20.000","°C","962.000","hPa","0.861","-0.02617","0.00035","0","0","13.56","Humid","31.50","0","54.10","280792.06","SABD0002000014","AAV2.0.0.13","3.0.1.1413","PSt7-10","180509-029","9/13/2019 10:47:01 AM","0000-00","0","no battery","V"
"08/17/2021","10:12:17","10","default","328281339","OXY_CH10","14.285","min","189.897","μmol/L","Humid","21.284","deg","102790","µV","28.037","°C","1015.000","hPa","35.0","pmil","0","55.560","deg","20.000","°C","100.000","%a.s.","22.340","deg","20.000","°C","962.000","hPa","0.861","-0.02617","0.00035","0","0","13.56","Humid","31.50","0","54.10","280776.05","SABD0002000014","AAV2.0.0.13","3.0.1.1413","PSt7-10","180509-029","9/13/2019 10:47:01 AM","0000-00","0","no battery","V"
"08/17/2021","10:12:18","10","default","328281339","OXY_CH10","14.302","min","189.864","μmol/L","Humid","21.286","deg","102788","µV","28.037","°C","1015.000","hPa","35.0","pmil","0","55.560","deg","20.000","°C","100.000","%a.s.","22.340","deg","20.000","°C","962.000","hPa","0.861","-0.02617","0.00035","0","0","13.56","Humid","31.50","0","54.10","280786.28","SABD0002000014","AAV2.0.0.13","3.0.1.1413","PSt7-10","180509-029","9/13/2019 10:47:01 AM","0000-00","0","no battery","V"
"08/17/2021","10:12:19","10","default","328281339","OXY_CH10","14.319","min","189.966","μmol/L","Humid","21.282","deg","102783","µV","28.031","°C","1015.000","hPa","35.0","pmil","0","55.560","deg","20.000","°C","100.000","%a.s.","22.340","deg","20.000","°C","962.000","hPa","0.861","-0.02617","0.00035","0","0","13.56","Humid","31.50","0","54.10","280779.18","SABD0002000014","AAV2.0.0.13","3.0.1.1413","PSt7-10","180509-029","9/13/2019 10:47:01 AM","0000-00","0","no battery","V"
"08/17/2021","10:12:20","10","default","328281339","OXY_CH10","14.336","min","189.949","μmol/L","Humid","21.283","deg","102781","µV","28.031","°C","1015.000","hPa","35.0","pmil","0","55.560","deg","20.000","°C","100.000","%a.s.","22.340","deg","20.000","°C","962.000","hPa","0.861","-0.02617","0.00035","0","0","13.56","Humid","31.50","0","54.10","280788.30","SABD0002000014","AAV2.0.0.13","3.0.1.1413","PSt7-10","180509-029","9/13/2019 10:47:01 AM","0000-00","0","no battery","V"
"08/17/2021","10:12:21","10","default","328281339","OXY_CH10","14.352","min","189.897","μmol/L","Humid","21.284","deg","102770","µV","28.037","°C","1015.000","hPa","35.0","pmil","0","55.560","deg","20.000","°C","100.000","%a.s.","22.340","deg","20.000","°C","962.000","hPa","0.861","-0.02617","0.00035","0","0","13.56","Humid","31.50","0","54.10","280781.58","SABD0002000014","AAV2.0.0.13","3.0.1.1413","PSt7-10","180509-029","9/13/2019 10:47:01 AM","0000-00","0","no battery","V"
"08/17/2021","10:12:22","10","default","328281339","OXY_CH10","14.369","min","189.983","μmol/L","Humid","21.281","deg","102776","µV","28.031","°C","1015.000","hPa","35.0","pmil","0","55.560","deg","20.000","°C","100.000","%a.s.","22.340","deg","20.000","°C","962.000","hPa","0.861","-0.02617","0.00035","0","0","13.56","Humid","31.50","0","54.10","280782.74","SABD0002000014","AAV2.0.0.13","3.0.1.1413","PSt7-10","180509-029","9/13/2019 10:47:01 AM","0000-00","0","no battery","V"
"08/17/2021","10:12:23","10","default","328281339","OXY_CH10","14.385","min","189.999","μmol/L","Humid","21.280","deg","102764","µV","28.031","°C","1015.000","hPa","35.0","pmil","0","55.560","deg","20.000","°C","100.000","%a.s.","22.340","deg","20.000","°C","962.000","hPa","0.861","-0.02617","0.00035","0","0","13.56","Humid","31.50","0","54.10","280781.40","SABD0002000014","AAV2.0.0.13","3.0.1.1413","PSt7-10","180509-029","9/13/2019 10:47:01 AM","0000-00","0","no battery","V"
"08/17/2021","10:12:24","10","default","328281339","OXY_CH10","14.402","min","189.964","μmol/L","Humid","21.280","deg","102757","µV","28.037","°C","1015.000","hPa","35.0","pmil","0","55.560","deg","20.000","°C","100.000","%a.s.","22.340","deg","20.000","°C","962.000","hPa","0.861","-0.02617","0.00035","0","0","13.56","Humid","31.50","0","54.10","280774.15","SABD0002000014","AAV2.0.0.13","3.0.1.1413","PSt7-10","180509-029","9/13/2019 10:47:01 AM","0000-00","0","no battery","V"
"08/17/2021","10:12:25","10","default","328281339","OXY_CH10","14.419","min","189.983","μmol/L","Humid","21.281","deg","102756","µV","28.031","°C","1015.000","hPa","35.0","pmil","0","55.560","deg","20.000","°C","100.000","%a.s.","22.340","deg","20.000","°C","962.000","hPa","0.861","-0.02617","0.00035","0","0","13.56","Humid","31.50","0","54.10","280782.36","SABD0002000014","AAV2.0.0.13","3.0.1.1413","PSt7-10","180509-029","9/13/2019 10:47:01 AM","0000-00","0","no battery","V"
"08/17/2021","10:12:26","10","default","328281339","OXY_CH10","14.436","min","189.998","μmol/L","Humid","21.278","deg","102759","µV","28.037","°C","1015.000","hPa","35.0","pmil","0","55.560","deg","20.000","°C","100.000","%a.s.","22.340","deg","20.000","°C","962.000","hPa","0.861","-0.02617","0.00035","0","0","13.56","Humid","31.50","0","54.10","280779.07","SABD0002000014","AAV2.0.0.13","3.0.1.1413","PSt7-10","180509-029","9/13/2019 10:47:01 AM","0000-00","0","no battery","V"
"08/17/2021","10:12:27","10","default","328281339","OXY_CH10","14.452","min","190.049","μmol/L","Humid","21.277","deg","102749","µV","28.031","°C","1015.000","hPa","35.0","pmil","0","55.560","deg","20.000","°C","100.000","%a.s.","22.340","deg","20.000","°C","962.000","hPa","0.861","-0.02617","0.00035","0","0","13.56","Humid","31.50","0","54.10","280776.10","SABD0002000014","AAV2.0.0.13","3.0.1.1413","PSt7-10","180509-029","9/13/2019 10:47:01 AM","0000-00","0","no battery","V"
"08/17/2021","10:12:28","10","default","328281339","OXY_CH10","14.469","min","190.065","μmol/L","Humid","21.274","deg","102736","µV","28.037","°C","1015.000","hPa","35.0","pmil","0","55.560","deg","20.000","°C","100.000","%a.s.","22.340","deg","20.000","°C","962.000","hPa","0.861","-0.02617","0.00035","0","0","13.56","Humid","31.50","0","54.10","280770.07","SABD0002000014","AAV2.0.0.13","3.0.1.1413","PSt7-10","180509-029","9/13/2019 10:47:01 AM","0000-00","0","no battery","V"
"08/17/2021","10:12:29","10","default","328281339","OXY_CH10","14.486","min","190.031","μmol/L","Humid","21.276","deg","102734","µV","28.037","°C","1015.000","hPa","35.0","pmil","0","55.560","deg","20.000","°C","100.000","%a.s.","22.340","deg","20.000","°C","962.000","hPa","0.861","-0.02617","0.00035","0","0","13.56","Humid","31.50","0","54.10","280783.74","SABD0002000014","AAV2.0.0.13","3.0.1.1413","PSt7-10","180509-029","9/13/2019 10:47:01 AM","0000-00","0","no battery","V"
"08/17/2021","10:12:30","10","default","328281339","OXY_CH10","14.502","min","190.013","μmol/L","Humid","21.275","deg","102728","µV","28.044","°C","1015.000","hPa","35.0","pmil","0","55.560","deg","20.000","°C","100.000","%a.s.","22.340","deg","20.000","°C","962.000","hPa","0.861","-0.02617","0.00035","0","0","13.56","Humid","31.50","0","54.10","280776.90","SABD0002000014","AAV2.0.0.13","3.0.1.1413","PSt7-10","180509-029","9/13/2019 10:47:01 AM","0000-00","0","no battery","V"
"08/17/2021","10:12:31","10","default","328281339","OXY_CH10","14.519","min","189.998","μmol/L","Humid","21.278","deg","102727","µV","28.037","°C","1015.000","hPa","35.0","pmil","0","55.560","deg","20.000","°C","100.000","%a.s.","22.340","deg","20.000","°C","962.000","hPa","0.861","-0.02617","0.00035","0","0","13.56","Humid","31.50","0","54.10","280773.54","SABD0002000014","AAV2.0.0.13","3.0.1.1413","PSt7-10","180509-029","9/13/2019 10:47:01 AM","0000-00","0","no battery","V"
"08/17/2021","10:12:32","10","default","328281339","OXY_CH10","14.535","min","190.065","μmol/L","Humid","21.274","deg","102728","µV","28.037","°C","1015.000","hPa","35.0","pmil","0","55.560","deg","20.000","°C","100.000","%a.s.","22.340","deg","20.000","°C","962.000","hPa","0.861","-0.02617","0.00035","0","0","13.56","Humid","31.50","0","54.10","280774.60","SABD0002000014","AAV2.0.0.13","3.0.1.1413","PSt7-10","180509-029","9/13/2019 10:47:01 AM","0000-00","0","no battery","V"
"08/17/2021","10:12:33","10","default","328281339","OXY_CH10","14.552","min","190.168","μmol/L","Humid","21.272","deg","102713","µV","28.025","°C","1015.000","hPa","35.0","pmil","0","55.560","deg","20.000","°C","100.000","%a.s.","22.340","deg","20.000","°C","962.000","hPa","0.861","-0.02617","0.00035","0","0","13.56","Humid","31.50","0","54.10","280771.53","SABD0002000014","AAV2.0.0.13","3.0.1.1413","PSt7-10","180509-029","9/13/2019 10:47:01 AM","0000-00","0","no battery","V"
"08/17/2021","10:12:34","10","default","328281339","OXY_CH10","14.569","min","190.115","μmol/L","Humid","21.271","deg","102719","µV","28.037","°C","1015.000","hPa","35.0","pmil","0","55.560","deg","20.000","°C","100.000","%a.s.","22.340","deg","20.000","°C","962.000","hPa","0.861","-0.02617","0.00035","0","0","13.56","Humid","31.50","0","54.10","280771.08","SABD0002000014","AAV2.0.0.13","3.0.1.1413","PSt7-10","180509-029","9/13/2019 10:47:01 AM","0000-00","0","no battery","V"
"08/17/2021","10:12:35","10","default","328281339","OXY_CH10","14.585","min","190.082","μmol/L","Humid","21.273","deg","102715","µV","28.037","°C","1015.000","hPa","35.0","pmil","0","55.560","deg","20.000","°C","100.000","%a.s.","22.340","deg","20.000","°C","962.000","hPa","0.861","-0.02617","0.00035","0","0","13.56","Humid","31.50","0","54.10","280762.38","SABD0002000014","AAV2.0.0.13","3.0.1.1413","PSt7-10","180509-029","9/13/2019 10:47:01 AM","0000-00","0","no battery","V"
"08/17/2021","10:12:36","10","default","328281339","OXY_CH10","14.602","min","190.063","μmol/L","Humid","21.272","deg","102713","µV","28.044","°C","1015.000","hPa","35.0","pmil","0","55.560","deg","20.000","°C","100.000","%a.s.","22.340","deg","20.000","°C","962.000","hPa","0.861","-0.02617","0.00035","0","0","13.56","Humid","31.50","0","54.10","280770.19","SABD0002000014","AAV2.0.0.13","3.0.1.1413","PSt7-10","180509-029","9/13/2019 10:47:01 AM","0000-00","0","no battery","V"
"08/17/2021","10:12:37","10","default","328281339","OXY_CH10","14.619","min","190.149","μmol/L","Humid","21.269","deg","102715","µV","28.037","°C","1015.000","hPa","35.0","pmil","0","55.560","deg","20.000","°C","100.000","%a.s.","22.340","deg","20.000","°C","962.000","hPa","0.861","-0.02617","0.00035","0","0","13.56","Humid","31.50","0","54.10","280779.39","SABD0002000014","AAV2.0.0.13","3.0.1.1413","PSt7-10","180509-029","9/13/2019 10:47:01 AM","0000-00","0","no battery","V"
"08/17/2021","10:12:38","10","default","328281339","OXY_CH10","14.635","min","190.012","μmol/L","Humid","21.273","deg","102703","µV","28.050","°C","1015.000","hPa","35.0","pmil","0","55.560","deg","20.000","°C","100.000","%a.s.","22.340","deg","20.000","°C","962.000","hPa","0.861","-0.02617","0.00035","0","0","13.56","Humid","31.50","0","54.10","280773.39","SABD0002000014","AAV2.0.0.13","3.0.1.1413","PSt7-10","180509-029","9/13/2019 10:47:01 AM","0000-00","0","no battery","V"
"08/17/2021","10:12:39","10","default","328281339","OXY_CH10","14.652","min","190.149","μmol/L","Humid","21.269","deg","102703","µV","28.037","°C","1015.000","hPa","35.0","pmil","0","55.560","deg","20.000","°C","100.000","%a.s.","22.340","deg","20.000","°C","962.000","hPa","0.861","-0.02617","0.00035","0","0","13.56","Humid","31.50","0","54.10","280782.66","SABD0002000014","AAV2.0.0.13","3.0.1.1413","PSt7-10","180509-029","9/13/2019 10:47:01 AM","0000-00","0","no battery","V"
"08/17/2021","10:12:40","10","default","328281339","OXY_CH10","14.669","min","190.165","μmol/L","Humid","21.268","deg","102700","µV","28.037","°C","1015.000","hPa","35.0","pmil","0","55.560","deg","20.000","°C","100.000","%a.s.","22.340","deg","20.000","°C","962.000","hPa","0.861","-0.02617","0.00035","0","0","13.56","Humid","31.50","0","54.10","280778.18","SABD0002000014","AAV2.0.0.13","3.0.1.1413","PSt7-10","180509-029","9/13/2019 10:47:01 AM","0000-00","0","no battery","V"
"08/17/2021","10:12:41","10","default","328281339","OXY_CH10","14.686","min","190.182","μmol/L","Humid","21.267","deg","102695","µV","28.037","°C","1015.000","hPa","35.0","pmil","0","55.560","deg","20.000","°C","100.000","%a.s.","22.340","deg","20.000","°C","962.000","hPa","0.861","-0.02617","0.00035","0","0","13.56","Humid","31.50","0","54.10","280775.65","SABD0002000014","AAV2.0.0.13","3.0.1.1413","PSt7-10","180509-029","9/13/2019 10:47:01 AM","0000-00","0","no battery","V"
"08/17/2021","10:12:42","10","default","328281339","OXY_CH10","14.702","min","190.130","μmol/L","Humid","21.268","deg","102685","µV","28.044","°C","1015.000","hPa","35.0","pmil","0","55.560","deg","20.000","°C","100.000","%a.s.","22.340","deg","20.000","°C","962.000","hPa","0.861","-0.02617","0.00035","0","0","13.56","Humid","31.50","0","54.10","280760.67","SABD0002000014","AAV2.0.0.13","3.0.1.1413","PSt7-10","180509-029","9/13/2019 10:47:01 AM","0000-00","0","no battery","V"
"08/17/2021","10:12:43","10","default","328281339","OXY_CH10","14.719","min","190.216","μmol/L","Humid","21.265","deg","102686","µV","28.037","°C","1015.000","hPa","35.0","pmil","0","55.560","deg","20.000","°C","100.000","%a.s.","22.340","deg","20.000","°C","962.000","hPa","0.861","-0.02617","0.00035","0","0","13.56","Humid","31.50","0","54.10","280775.24","SABD0002000014","AAV2.0.0.13","3.0.1.1413","PSt7-10","180509-029","9/13/2019 10:47:01 AM","0000-00","0","no battery","V"
"08/17/2021","10:12:44","10","default","328281339","OXY_CH10","14.736","min","190.182","μmol/L","Humid","21.267","deg","102684","µV","28.037","°C","1015.000","hPa","35.0","pmil","0","55.560","deg","20.000","°C","100.000","%a.s.","22.340","deg","20.000","°C","962.000","hPa","0.861","-0.02617","0.00035","0","0","13.56","Humid","31.50","0","54.10","280772.45","SABD0002000014","AAV2.0.0.13","3.0.1.1413","PSt7-10","180509-029","9/13/2019 10:47:01 AM","0000-00","0","no battery","V"
"08/17/2021","10:12:45","10","default","328281339","OXY_CH10","14.752","min","190.114","μmol/L","Humid","21.269","deg","102675","µV","28.044","°C","1015.000","hPa","35.0","pmil","0","55.560","deg","20.000","°C","100.000","%a.s.","22.340","deg","20.000","°C","962.000","hPa","0.861","-0.02617","0.00035","0","0","13.56","Humid","31.50","0","54.10","280767.62","SABD0002000014","AAV2.0.0.13","3.0.1.1413","PSt7-10","180509-029","9/13/2019 10:47:01 AM","0000-00","0","no battery","V"
"08/17/2021","10:12:46","10","default","328281339","OXY_CH10","14.769","min","190.251","μmol/L","Humid","21.265","deg","102673","µV","28.031","°C","1015.000","hPa","35.0","pmil","0","55.560","deg","20.000","°C","100.000","%a.s.","22.340","deg","20.000","°C","962.000","hPa","0.861","-0.02617","0.00035","0","0","13.56","Humid","31.50","0","54.10","280753.11","SABD0002000014","AAV2.0.0.13","3.0.1.1413","PSt7-10","180509-029","9/13/2019 10:47:01 AM","0000-00","0","no battery","V"
"08/17/2021","10:12:47","10","default","328281339","OXY_CH10","14.785","min","190.181","μmol/L","Humid","21.265","deg","102669","µV","28.044","°C","1015.000","hPa","35.0","pmil","0","55.560","deg","20.000","°C","100.000","%a.s.","22.340","deg","20.000","°C","962.000","hPa","0.861","-0.02617","0.00035","0","0","13.56","Humid","31.50","0","54.10","280772.03","SABD0002000014","AAV2.0.0.13","3.0.1.1413","PSt7-10","180509-029","9/13/2019 10:47:01 AM","0000-00","0","no battery","V"
"08/17/2021","10:12:48","10","default","328281339","OXY_CH10","14.802","min","190.248","μmol/L","Humid","21.261","deg","102673","µV","28.044","°C","1015.000","hPa","35.0","pmil","0","55.560","deg","20.000","°C","100.000","%a.s.","22.340","deg","20.000","°C","962.000","hPa","0.861","-0.02617","0.00035","0","0","13.56","Humid","31.50","0","54.10","280764.90","SABD0002000014","AAV2.0.0.13","3.0.1.1413","PSt7-10","180509-029","9/13/2019 10:47:01 AM","0000-00","0","no battery","V"
"08/17/2021","10:12:49","10","default","328281339","OXY_CH10","14.819","min","190.216","μmol/L","Humid","21.265","deg","102660","µV","28.037","°C","1015.000","hPa","35.0","pmil","0","55.560","deg","20.000","°C","100.000","%a.s.","22.340","deg","20.000","°C","962.000","hPa","0.861","-0.02617","0.00035","0","0","13.56","Humid","31.50","0","54.10","280773.20","SABD0002000014","AAV2.0.0.13","3.0.1.1413","PSt7-10","180509-029","9/13/2019 10:47:01 AM","0000-00","0","no battery","V"
"08/17/2021","10:12:50","10","default","328281339","OXY_CH10","14.835","min","190.266","μmol/L","Humid","21.262","deg","102656","µV","28.037","°C","1015.000","hPa","35.0","pmil","0","55.560","deg","20.000","°C","100.000","%a.s.","22.340","deg","20.000","°C","962.000","hPa","0.861","-0.02617","0.00035","0","0","13.56","Humid","31.50","0","54.10","280759.98","SABD0002000014","AAV2.0.0.13","3.0.1.1413","PSt7-10","180509-029","9/13/2019 10:47:01 AM","0000-00","0","no battery","V"
"08/17/2021","10:12:51","10","default","328281339","OXY_CH10","14.852","min","190.229","μmol/L","Humid","21.260","deg","102650","µV","28.050","°C","1015.000","hPa","35.0","pmil","0","55.560","deg","20.000","°C","100.000","%a.s.","22.340","deg","20.000","°C","962.000","hPa","0.861","-0.02617","0.00035","0","0","13.56","Humid","31.50","0","54.10","280766.08","SABD0002000014","AAV2.0.0.13","3.0.1.1413","PSt7-10","180509-029","9/13/2019 10:47:01 AM","0000-00","0","no battery","V"
"08/17/2021","10:12:52","10","default","328281339","OXY_CH10","14.868","min","190.231","μmol/L","Humid","21.262","deg","102650","µV","28.044","°C","1015.000","hPa","35.0","pmil","0","55.560","deg","20.000","°C","100.000","%a.s.","22.340","deg","20.000","°C","962.000","hPa","0.861","-0.02617","0.00035","0","0","13.56","Humid","31.50","0","54.10","280756.14","SABD0002000014","AAV2.0.0.13","3.0.1.1413","PSt7-10","180509-029","9/13/2019 10:47:01 AM","0000-00","0","no battery","V"
"08/17/2021","10:12:53","10","default","328281339","OXY_CH10","14.885","min","190.179","μmol/L","Humid","21.263","deg","102643","µV","28.050","°C","1015.000","hPa","35.0","pmil","0","55.560","deg","20.000","°C","100.000","%a.s.","22.340","deg","20.000","°C","962.000","hPa","0.861","-0.02617","0.00035","0","0","13.56","Humid","31.50","0","54.10","280758.97","SABD0002000014","AAV2.0.0.13","3.0.1.1413","PSt7-10","180509-029","9/13/2019 10:47:01 AM","0000-00","0","no battery","V"
"08/17/2021","10:12:54","10","default","328281339","OXY_CH10","14.902","min","190.232","μmol/L","Humid","21.264","deg","102653","µV","28.037","°C","1015.000","hPa","35.0","pmil","0","55.560","deg","20.000","°C","100.000","%a.s.","22.340","deg","20.000","°C","962.000","hPa","0.861","-0.02617","0.00035","0","0","13.56","Humid","31.50","0","54.10","280765.77","SABD0002000014","AAV2.0.0.13","3.0.1.1413","PSt7-10","180509-029","9/13/2019 10:47:01 AM","0000-00","0","no battery","V"
"08/17/2021","10:12:55","10","default","328281339","OXY_CH10","14.918","min","190.333","μmol/L","Humid","21.258","deg","102640","µV","28.037","°C","1015.000","hPa","35.0","pmil","0","55.560","deg","20.000","°C","100.000","%a.s.","22.340","deg","20.000","°C","962.000","hPa","0.861","-0.02617","0.00035","0","0","13.56","Humid","31.50","0","54.10","280749.99","SABD0002000014","AAV2.0.0.13","3.0.1.1413","PSt7-10","180509-029","9/13/2019 10:47:01 AM","0000-00","0","no battery","V"
"08/17/2021","10:12:56","10","default","328281339","OXY_CH10","14.935","min","190.298","μmol/L","Humid","21.258","deg","102635","µV","28.044","°C","1015.000","hPa","35.0","pmil","0","55.560","deg","20.000","°C","100.000","%a.s.","22.340","deg","20.000","°C","962.000","hPa","0.861","-0.02617","0.00035","0","0","13.56","Humid","31.50","0","54.10","280763.82","SABD0002000014","AAV2.0.0.13","3.0.1.1413","PSt7-10","180509-029","9/13/2019 10:47:01 AM","0000-00","0","no battery","V"
"08/17/2021","10:12:57","10","default","328281339","OXY_CH10","14.952","min","190.264","μmol/L","Humid","21.260","deg","102643","µV","28.044","°C","1015.000","hPa","35.0","pmil","0","55.560","deg","20.000","°C","100.000","%a.s.","22.340","deg","20.000","°C","962.000","hPa","0.861","-0.02617","0.00035","0","0","13.56","Humid","31.50","0","54.10","280774.20","SABD0002000014","AAV2.0.0.13","3.0.1.1413","PSt7-10","180509-029","9/13/2019 10:47:01 AM","0000-00","0","no battery","V"
"08/17/2021","10:12:58","10","default","328281339","OXY_CH10","14.969","min","190.313","μmol/L","Humid","21.255","deg","102631","µV","28.050","°C","1015.000","hPa","35.0","pmil","0","55.560","deg","20.000","°C","100.000","%a.s.","22.340","deg","20.000","°C","962.000","hPa","0.861","-0.02617","0.00035","0","0","13.56","Humid","31.50","0","54.10","280753.55","SABD0002000014","AAV2.0.0.13","3.0.1.1413","PSt7-10","180509-029","9/13/2019 10:47:01 AM","0000-00","0","no battery","V"
"08/17/2021","10:12:59","10","default","328281339","OXY_CH10","14.986","min","190.315","μmol/L","Humid","21.257","deg","102627","µV","28.044","°C","1015.000","hPa","35.0","pmil","0","55.560","deg","20.000","°C","100.000","%a.s.","22.340","deg","20.000","°C","962.000","hPa","0.861","-0.02617","0.00035","0","0","13.56","Humid","31.50","0","54.10","280759.99","SABD0002000014","AAV2.0.0.13","3.0.1.1413","PSt7-10","180509-029","9/13/2019 10:47:01 AM","0000-00","0","no battery","V"
"08/17/2021","10:13:00","10","default","328281339","OXY_CH10","15.002","min","190.331","μmol/L","Humid","21.256","deg","102616","µV","28.044","°C","1015.000","hPa","35.0","pmil","0","55.560","deg","20.000","°C","100.000","%a.s.","22.340","deg","20.000","°C","962.000","hPa","0.861","-0.02617","0.00035","0","0","13.56","Humid","31.50","0","54.10","280756.90","SABD0002000014","AAV2.0.0.13","3.0.1.1413","PSt7-10","180509-029","9/13/2019 10:47:01 AM","0000-00","0","no battery","V"
"08/17/2021","10:13:01","10","default","328281339","OXY_CH10","15.019","min","190.330","μmol/L","Humid","21.254","deg","102610","µV","28.050","°C","1015.000","hPa","35.0","pmil","0","55.560","deg","20.000","°C","100.000","%a.s.","22.340","deg","20.000","°C","962.000","hPa","0.861","-0.02617","0.00035","0","0","13.56","Humid","31.50","0","54.10","280759.77","SABD0002000014","AAV2.0.0.13","3.0.1.1413","PSt7-10","180509-029","9/13/2019 10:47:01 AM","0000-00","0","no battery","V"
"08/17/2021","10:13:02","10","default","328281339","OXY_CH10","15.035","min","190.415","μmol/L","Humid","21.251","deg","102606","µV","28.044","°C","1015.000","hPa","35.0","pmil","0","55.560","deg","20.000","°C","100.000","%a.s.","22.340","deg","20.000","°C","962.000","hPa","0.861","-0.02617","0.00035","0","0","13.56","Humid","31.50","0","54.10","280759.29","SABD0002000014","AAV2.0.0.13","3.0.1.1413","PSt7-10","180509-029","9/13/2019 10:47:01 AM","0000-00","0","no battery","V"
"08/17/2021","10:13:03","10","default","328281339","OXY_CH10","15.052","min","190.415","μmol/L","Humid","21.251","deg","102604","µV","28.044","°C","1015.000","hPa","35.0","pmil","0","55.560","deg","20.000","°C","100.000","%a.s.","22.340","deg","20.000","°C","962.000","hPa","0.861","-0.02617","0.00035","0","0","13.56","Humid","31.50","0","54.10","280771.24","SABD0002000014","AAV2.0.0.13","3.0.1.1413","PSt7-10","180509-029","9/13/2019 10:47:01 AM","0000-00","0","no battery","V"
"08/17/2021","10:13:04","10","default","328281339","OXY_CH10","15.069","min","190.399","μmol/L","Humid","21.252","deg","102595","µV","28.044","°C","1015.000","hPa","35.0","pmil","0","55.560","deg","20.000","°C","100.000","%a.s.","22.340","deg","20.000","°C","962.000","hPa","0.861","-0.02617","0.00035","0","0","13.56","Humid","31.50","0","54.10","280759.07","SABD0002000014","AAV2.0.0.13","3.0.1.1413","PSt7-10","180509-029","9/13/2019 10:47:01 AM","0000-00","0","no battery","V"
"08/17/2021","10:13:05","10","default","328281339","OXY_CH10","15.085","min","190.414","μmol/L","Humid","21.249","deg","102588","µV","28.050","°C","1015.000","hPa","35.0","pmil","0","55.560","deg","20.000","°C","100.000","%a.s.","22.340","deg","20.000","°C","962.000","hPa","0.861","-0.02617","0.00035","0","0","13.56","Humid","31.50","0","54.10","280753.31","SABD0002000014","AAV2.0.0.13","3.0.1.1413","PSt7-10","180509-029","9/13/2019 10:47:01 AM","0000-00","0","no battery","V"
"08/17/2021","10:13:06","10","default","328281339","OXY_CH10","15.102","min","190.516","μmol/L","Humid","21.245","deg","102582","µV","28.044","°C","1015.000","hPa","35.0","pmil","0","55.560","deg","20.000","°C","100.000","%a.s.","22.340","deg","20.000","°C","962.000","hPa","0.861","-0.02617","0.00035","0","0","13.56","Humid","31.50","0","54.10","280755.89","SABD0002000014","AAV2.0.0.13","3.0.1.1413","PSt7-10","180509-029","9/13/2019 10:47:01 AM","0000-00","0","no battery","V"
"08/17/2021","10:13:07","10","default","328281339","OXY_CH10","15.119","min","190.533","μmol/L","Humid","21.244","deg","102582","µV","28.044","°C","1015.000","hPa","35.0","pmil","0","55.560","deg","20.000","°C","100.000","%a.s.","22.340","deg","20.000","°C","962.000","hPa","0.861","-0.02617","0.00035","0","0","13.56","Humid","31.50","0","54.10","280758.05","SABD0002000014","AAV2.0.0.13","3.0.1.1413","PSt7-10","180509-029","9/13/2019 10:47:01 AM","0000-00","0","no battery","V"
"08/17/2021","10:13:08","10","default","328281339","OXY_CH10","15.135","min","190.449","μmol/L","Humid","21.249","deg","102580","µV","28.044","°C","1015.000","hPa","35.0","pmil","0","55.560","deg","20.000","°C","100.000","%a.s.","22.340","deg","20.000","°C","962.000","hPa","0.861","-0.02617","0.00035","0","0","13.56","Humid","31.50","0","54.10","280753.03","SABD0002000014","AAV2.0.0.13","3.0.1.1413","PSt7-10","180509-029","9/13/2019 10:47:01 AM","0000-00","0","no battery","V"
"08/17/2021","10:13:09","10","default","328281339","OXY_CH10","15.152","min","190.518","μmol/L","Humid","21.247","deg","102585","µV","28.037","°C","1015.000","hPa","35.0","pmil","0","55.560","deg","20.000","°C","100.000","%a.s.","22.340","deg","20.000","°C","962.000","hPa","0.861","-0.02617","0.00035","0","0","13.56","Humid","31.50","0","54.10","280758.04","SABD0002000014","AAV2.0.0.13","3.0.1.1413","PSt7-10","180509-029","9/13/2019 10:47:01 AM","0000-00","0","no battery","V"
"08/17/2021","10:13:10","10","default","328281339","OXY_CH10","15.169","min","190.446","μmol/L","Humid","21.245","deg","102570","µV","28.056","°C","1015.000","hPa","35.0","pmil","0","55.560","deg","20.000","°C","100.000","%a.s.","22.340","deg","20.000","°C","962.000","hPa","0.861","-0.02617","0.00035","0","0","13.56","Humid","31.50","0","54.10","280756.66","SABD0002000014","AAV2.0.0.13","3.0.1.1413","PSt7-10","180509-029","9/13/2019 10:47:01 AM","0000-00","0","no battery","V"
"08/17/2021","10:13:11","10","default","328281339","OXY_CH10","15.185","min","190.498","μmol/L","Humid","21.244","deg","102569","µV","28.050","°C","1015.000","hPa","35.0","pmil","0","55.560","deg","20.000","°C","100.000","%a.s.","22.340","deg","20.000","°C","962.000","hPa","0.861","-0.02617","0.00035","0","0","13.56","Humid","31.50","0","54.10","280754.50","SABD0002000014","AAV2.0.0.13","3.0.1.1413","PSt7-10","180509-029","9/13/2019 10:47:01 AM","0000-00","0","no battery","V"
"08/17/2021","10:13:12","10","default","328281339","OXY_CH10","15.202","min","190.499","μmol/L","Humid","21.246","deg","102570","µV","28.044","°C","1015.000","hPa","35.0","pmil","0","55.560","deg","20.000","°C","100.000","%a.s.","22.340","deg","20.000","°C","962.000","hPa","0.861","-0.02617","0.00035","0","0","13.56","Humid","31.50","0","54.10","280756.44","SABD0002000014","AAV2.0.0.13","3.0.1.1413","PSt7-10","180509-029","9/13/2019 10:47:01 AM","0000-00","0","no battery","V"
"08/17/2021","10:13:13","10","default","328281339","OXY_CH10","15.219","min","190.515","μmol/L","Humid","21.243","deg","102562","µV","28.050","°C","1015.000","hPa","35.0","pmil","0","55.560","deg","20.000","°C","100.000","%a.s.","22.340","deg","20.000","°C","962.000","hPa","0.861","-0.02617","0.00035","0","0","13.56","Humid","31.50","0","54.10","280760.26","SABD0002000014","AAV2.0.0.13","3.0.1.1413","PSt7-10","180509-029","9/13/2019 10:47:01 AM","0000-00","0","no battery","V"
"08/17/2021","10:13:14","10","default","328281339","OXY_CH10","15.235","min","190.498","μmol/L","Humid","21.244","deg","102558","µV","28.050","°C","1015.000","hPa","35.0","pmil","0","55.560","deg","20.000","°C","100.000","%a.s.","22.340","deg","20.000","°C","962.000","hPa","0.861","-0.02617","0.00035","0","0","13.56","Humid","31.50","0","54.10","280764.25","SABD0002000014","AAV2.0.0.13","3.0.1.1413","PSt7-10","180509-029","9/13/2019 10:47:01 AM","0000-00","0","no battery","V"
"08/17/2021","10:13:15","10","default","328281339","OXY_CH10","15.252","min","190.582","μmol/L","Humid","21.239","deg","102550","µV","28.050","°C","1015.000","hPa","35.0","pmil","0","55.560","deg","20.000","°C","100.000","%a.s.","22.340","deg","20.000","°C","962.000","hPa","0.861","-0.02617","0.00035","0","0","13.56","Humid","31.50","0","54.10","280751.23","SABD0002000014","AAV2.0.0.13","3.0.1.1413","PSt7-10","180509-029","9/13/2019 10:47:01 AM","0000-00","0","no battery","V"
"08/17/2021","10:13:16","10","default","328281339","OXY_CH10","15.269","min","190.566","μmol/L","Humid","21.242","deg","102546","µV","28.044","°C","1015.000","hPa","35.0","pmil","0","55.560","deg","20.000","°C","100.000","%a.s.","22.340","deg","20.000","°C","962.000","hPa","0.861","-0.02617","0.00035","0","0","13.56","Humid","31.50","0","54.10","280752.09","SABD0002000014","AAV2.0.0.13","3.0.1.1413","PSt7-10","180509-029","9/13/2019 10:47:01 AM","0000-00","0","no battery","V"
"08/17/2021","10:13:17","10","default","328281339","OXY_CH10","15.286","min","190.496","μmol/L","Humid","21.242","deg","102542","µV","28.056","°C","1015.000","hPa","35.0","pmil","0","55.560","deg","20.000","°C","100.000","%a.s.","22.340","deg","20.000","°C","962.000","hPa","0.861","-0.02617","0.00035","0","0","13.56","Humid","31.50","0","54.10","280764.74","SABD0002000014","AAV2.0.0.13","3.0.1.1413","PSt7-10","180509-029","9/13/2019 10:47:01 AM","0000-00","0","no battery","V"
"08/17/2021","10:13:18","10","default","328281339","OXY_CH10","15.302","min","190.565","μmol/L","Humid","21.240","deg","102526","µV","28.050","°C","1015.000","hPa","35.0","pmil","0","55.560","deg","20.000","°C","100.000","%a.s.","22.340","deg","20.000","°C","962.000","hPa","0.861","-0.02617","0.00035","0","0","13.56","Humid","31.50","0","54.10","280750.04","SABD0002000014","AAV2.0.0.13","3.0.1.1413","PSt7-10","180509-029","9/13/2019 10:47:01 AM","0000-00","0","no battery","V"
"08/17/2021","10:13:19","10","default","328281339","OXY_CH10","15.319","min","190.582","μmol/L","Humid","21.239","deg","102525","µV","28.050","°C","1015.000","hPa","35.0","pmil","0","55.560","deg","20.000","°C","100.000","%a.s.","22.340","deg","20.000","°C","962.000","hPa","0.861","-0.02617","0.00035","0","0","13.56","Humid","31.50","0","54.10","280755.88","SABD0002000014","AAV2.0.0.13","3.0.1.1413","PSt7-10","180509-029","9/13/2019 10:47:01 AM","0000-00","0","no battery","V"
"08/17/2021","10:13:20","10","default","328281339","OXY_CH10","15.336","min","190.582","μmol/L","Humid","21.239","deg","102526","µV","28.050","°C","1015.000","hPa","35.0","pmil","0","55.560","deg","20.000","°C","100.000","%a.s.","22.340","deg","20.000","°C","962.000","hPa","0.861","-0.02617","0.00035","0","0","13.56","Humid","31.50","0","54.10","280759.84","SABD0002000014","AAV2.0.0.13","3.0.1.1413","PSt7-10","180509-029","9/13/2019 10:47:01 AM","0000-00","0","no battery","V"
"08/17/2021","10:13:21","10","default","328281339","OXY_CH10","15.353","min","190.582","μmol/L","Humid","21.239","deg","102527","µV","28.050","°C","1015.000","hPa","35.0","pmil","0","55.560","deg","20.000","°C","100.000","%a.s.","22.340","deg","20.000","°C","962.000","hPa","0.861","-0.02617","0.00035","0","0","13.56","Humid","31.50","0","54.10","280764.61","SABD0002000014","AAV2.0.0.13","3.0.1.1413","PSt7-10","180509-029","9/13/2019 10:47:01 AM","0000-00","0","no battery","V"
"08/17/2021","10:13:22","10","default","328281339","OXY_CH10","15.369","min","190.615","μmol/L","Humid","21.237","deg","102526","µV","28.050","°C","1015.000","hPa","35.0","pmil","0","55.560","deg","20.000","°C","100.000","%a.s.","22.340","deg","20.000","°C","962.000","hPa","0.861","-0.02617","0.00035","0","0","13.56","Humid","31.50","0","54.10","280754.09","SABD0002000014","AAV2.0.0.13","3.0.1.1413","PSt7-10","180509-029","9/13/2019 10:47:01 AM","0000-00","0","no battery","V"
"08/17/2021","10:13:23","10","default","328281339","OXY_CH10","15.386","min","190.614","μmol/L","Humid","21.235","deg","102516","µV","28.056","°C","1015.000","hPa","35.0","pmil","0","55.560","deg","20.000","°C","100.000","%a.s.","22.340","deg","20.000","°C","962.000","hPa","0.861","-0.02617","0.00035","0","0","13.56","Humid","31.50","0","54.10","280750.05","SABD0002000014","AAV2.0.0.13","3.0.1.1413","PSt7-10","180509-029","9/13/2019 10:47:01 AM","0000-00","0","no battery","V"
"08/17/2021","10:13:24","10","default","328281339","OXY_CH10","15.402","min","190.615","μmol/L","Humid","21.237","deg","102512","µV","28.050","°C","1015.000","hPa","35.0","pmil","0","55.560","deg","20.000","°C","100.000","%a.s.","22.340","deg","20.000","°C","962.000","hPa","0.861","-0.02617","0.00035","0","0","13.56","Humid","31.50","0","54.10","280741.18","SABD0002000014","AAV2.0.0.13","3.0.1.1413","PSt7-10","180509-029","9/13/2019 10:47:01 AM","0000-00","0","no battery","V"
"08/17/2021","10:13:25","10","default","328281339","OXY_CH10","15.419","min","190.615","μmol/L","Humid","21.237","deg","102513","µV","28.050","°C","1015.000","hPa","35.0","pmil","0","55.560","deg","20.000","°C","100.000","%a.s.","22.340","deg","20.000","°C","962.000","hPa","0.861","-0.02617","0.00035","0","0","13.56","Humid","31.50","0","54.10","280749.39","SABD0002000014","AAV2.0.0.13","3.0.1.1413","PSt7-10","180509-029","9/13/2019 10:47:01 AM","0000-00","0","no battery","V"
"08/17/2021","10:13:26","10","default","328281339","OXY_CH10","15.435","min","190.632","μmol/L","Humid","21.236","deg","102504","µV","28.050","°C","1015.000","hPa","35.0","pmil","0","55.560","deg","20.000","°C","100.000","%a.s.","22.340","deg","20.000","°C","962.000","hPa","0.861","-0.02617","0.00035","0","0","13.56","Humid","31.50","0","54.10","280748.85","SABD0002000014","AAV2.0.0.13","3.0.1.1413","PSt7-10","180509-029","9/13/2019 10:47:01 AM","0000-00","0","no battery","V"
"08/17/2021","10:13:27","10","default","328281339","OXY_CH10","15.452","min","190.666","μmol/L","Humid","21.234","deg","102498","µV","28.050","°C","1015.000","hPa","35.0","pmil","0","55.560","deg","20.000","°C","100.000","%a.s.","22.340","deg","20.000","°C","962.000","hPa","0.861","-0.02617","0.00035","0","0","13.56","Humid","31.50","0","54.10","280751.71","SABD0002000014","AAV2.0.0.13","3.0.1.1413","PSt7-10","180509-029","9/13/2019 10:47:01 AM","0000-00","0","no battery","V"
"08/17/2021","10:13:28","10","default","328281339","OXY_CH10","15.469","min","190.666","μmol/L","Humid","21.234","deg","102493","µV","28.050","°C","1015.000","hPa","35.0","pmil","0","55.560","deg","20.000","°C","100.000","%a.s.","22.340","deg","20.000","°C","962.000","hPa","0.861","-0.02617","0.00035","0","0","13.56","Humid","31.50","0","54.10","280745.83","SABD0002000014","AAV2.0.0.13","3.0.1.1413","PSt7-10","180509-029","9/13/2019 10:47:01 AM","0000-00","0","no battery","V"
"08/17/2021","10:13:29","10","default","328281339","OXY_CH10","15.485","min","190.718","μmol/L","Humid","21.233","deg","102487","µV","28.044","°C","1015.000","hPa","35.0","pmil","0","55.560","deg","20.000","°C","100.000","%a.s.","22.340","deg","20.000","°C","962.000","hPa","0.861","-0.02617","0.00035","0","0","13.56","Humid","31.50","0","54.10","280749.64","SABD0002000014","AAV2.0.0.13","3.0.1.1413","PSt7-10","180509-029","9/13/2019 10:47:01 AM","0000-00","0","no battery","V"
"08/17/2021","10:13:30","10","default","328281339","OXY_CH10","15.502","min","190.648","μmol/L","Humid","21.233","deg","102481","µV","28.056","°C","1015.000","hPa","35.0","pmil","0","55.560","deg","20.000","°C","100.000","%a.s.","22.340","deg","20.000","°C","962.000","hPa","0.861","-0.02617","0.00035","0","0","13.56","Humid","31.50","0","54.10","280739.05","SABD0002000014","AAV2.0.0.13","3.0.1.1413","PSt7-10","180509-029","9/13/2019 10:47:01 AM","0000-00","0","no battery","V"
"08/17/2021","10:13:31","10","default","328281339","OXY_CH10","15.519","min","190.613","μmol/L","Humid","21.233","deg","102481","µV","28.062","°C","1015.000","hPa","35.0","pmil","0","55.560","deg","20.000","°C","100.000","%a.s.","22.340","deg","20.000","°C","962.000","hPa","0.861","-0.02617","0.00035","0","0","13.56","Humid","31.50","0","54.10","280745.22","SABD0002000014","AAV2.0.0.13","3.0.1.1413","PSt7-10","180509-029","9/13/2019 10:47:01 AM","0000-00","0","no battery","V"
"08/17/2021","10:13:32","10","default","328281339","OXY_CH10","15.535","min","190.716","μmol/L","Humid","21.231","deg","102467","µV","28.050","°C","1015.000","hPa","35.0","pmil","0","55.560","deg","20.000","°C","100.000","%a.s.","22.340","deg","20.000","°C","962.000","hPa","0.861","-0.02617","0.00035","0","0","13.56","Humid","31.50","0","54.10","280736.91","SABD0002000014","AAV2.0.0.13","3.0.1.1413","PSt7-10","180509-029","9/13/2019 10:47:01 AM","0000-00","0","no battery","V"
"08/17/2021","10:13:33","10","default","328281339","OXY_CH10","15.552","min","190.614","μmol/L","Humid","21.235","deg","102464","µV","28.056","°C","1015.000","hPa","35.0","pmil","0","55.560","deg","20.000","°C","100.000","%a.s.","22.340","deg","20.000","°C","962.000","hPa","0.861","-0.02617","0.00035","0","0","13.56","Humid","31.50","0","54.10","280740.10","SABD0002000014","AAV2.0.0.13","3.0.1.1413","PSt7-10","180509-029","9/13/2019 10:47:01 AM","0000-00","0","no battery","V"
"08/17/2021","10:13:34","10","default","328281339","OXY_CH10","15.569","min","190.733","μmol/L","Humid","21.230","deg","102465","µV","28.050","°C","1015.000","hPa","35.0","pmil","0","55.560","deg","20.000","°C","100.000","%a.s.","22.340","deg","20.000","°C","962.000","hPa","0.861","-0.02617","0.00035","0","0","13.56","Humid","31.50","0","54.10","280737.87","SABD0002000014","AAV2.0.0.13","3.0.1.1413","PSt7-10","180509-029","9/13/2019 10:47:01 AM","0000-00","0","no battery","V"
"08/17/2021","10:13:35","10","default","328281339","OXY_CH10","15.585","min","190.750","μmol/L","Humid","21.229","deg","102456","µV","28.050","°C","1015.000","hPa","35.0","pmil","0","55.560","deg","20.000","°C","100.000","%a.s.","22.340","deg","20.000","°C","962.000","hPa","0.861","-0.02617","0.00035","0","0","13.56","Humid","31.50","0","54.10","280735.42","SABD0002000014","AAV2.0.0.13","3.0.1.1413","PSt7-10","180509-029","9/13/2019 10:47:01 AM","0000-00","0","no battery","V"
"08/17/2021","10:13:36","10","default","328281339","OXY_CH10","15.602","min","190.750","μmol/L","Humid","21.229","deg","102448","µV","28.050","°C","1015.000","hPa","35.0","pmil","0","55.560","deg","20.000","°C","100.000","%a.s.","22.340","deg","20.000","°C","962.000","hPa","0.861","-0.02617","0.00035","0","0","13.56","Humid","31.50","0","54.10","280739.14","SABD0002000014","AAV2.0.0.13","3.0.1.1413","PSt7-10","180509-029","9/13/2019 10:47:01 AM","0000-00","0","no battery","V"
"08/17/2021","10:13:37","10","default","328281339","OXY_CH10","15.619","min","190.749","μmol/L","Humid","21.227","deg","102443","µV","28.056","°C","1015.000","hPa","35.0","pmil","0","55.560","deg","20.000","°C","100.000","%a.s.","22.340","deg","20.000","°C","962.000","hPa","0.861","-0.02617","0.00035","0","0","13.56","Humid","31.50","0","54.10","280734.46","SABD0002000014","AAV2.0.0.13","3.0.1.1413","PSt7-10","180509-029","9/13/2019 10:47:01 AM","0000-00","0","no battery","V"
"08/17/2021","10:13:38","10","default","328281339","OXY_CH10","15.636","min","190.834","μmol/L","Humid","21.224","deg","102446","µV","28.050","°C","1015.000","hPa","35.0","pmil","0","55.560","deg","20.000","°C","100.000","%a.s.","22.340","deg","20.000","°C","962.000","hPa","0.861","-0.02617","0.00035","0","0","13.56","Humid","31.50","0","54.10","280740.81","SABD0002000014","AAV2.0.0.13","3.0.1.1413","PSt7-10","180509-029","9/13/2019 10:47:01 AM","0000-00","0","no battery","V"
"08/17/2021","10:13:39","10","default","328281339","OXY_CH10","15.652","min","190.767","μmol/L","Humid","21.228","deg","102443","µV","28.050","°C","1015.000","hPa","35.0","pmil","0","55.560","deg","20.000","°C","100.000","%a.s.","22.340","deg","20.000","°C","962.000","hPa","0.861","-0.02617","0.00035","0","0","13.56","Humid","31.50","0","54.10","280724.71","SABD0002000014","AAV2.0.0.13","3.0.1.1413","PSt7-10","180509-029","9/13/2019 10:47:01 AM","0000-00","0","no battery","V"
"08/17/2021","10:13:40","10","default","328281339","OXY_CH10","15.669","min","190.747","μmol/L","Humid","21.225","deg","102434","µV","28.062","°C","1015.000","hPa","35.0","pmil","0","55.560","deg","20.000","°C","100.000","%a.s.","22.340","deg","20.000","°C","962.000","hPa","0.861","-0.02617","0.00035","0","0","13.56","Humid","31.50","0","54.10","280737.46","SABD0002000014","AAV2.0.0.13","3.0.1.1413","PSt7-10","180509-029","9/13/2019 10:47:01 AM","0000-00","0","no battery","V"
"08/17/2021","10:13:41","10","default","328281339","OXY_CH10","15.685","min","190.782","μmol/L","Humid","21.225","deg","102420","µV","28.056","°C","1015.000","hPa","35.0","pmil","0","55.560","deg","20.000","°C","100.000","%a.s.","22.340","deg","20.000","°C","962.000","hPa","0.861","-0.02617","0.00035","0","0","13.56","Humid","31.50","0","54.10","280725.49","SABD0002000014","AAV2.0.0.13","3.0.1.1413","PSt7-10","180509-029","9/13/2019 10:47:01 AM","0000-00","0","no battery","V"
"08/17/2021","10:13:42","10","default","328281339","OXY_CH10","15.702","min","190.799","μmol/L","Humid","21.224","deg","102422","µV","28.056","°C","1015.000","hPa","35.0","pmil","0","55.560","deg","20.000","°C","100.000","%a.s.","22.340","deg","20.000","°C","962.000","hPa","0.861","-0.02617","0.00035","0","0","13.56","Humid","31.50","0","54.10","280743.39","SABD0002000014","AAV2.0.0.13","3.0.1.1413","PSt7-10","180509-029","9/13/2019 10:47:01 AM","0000-00","0","no battery","V"
"08/17/2021","10:13:43","10","default","328281339","OXY_CH10","15.718","min","190.814","μmol/L","Humid","21.221","deg","102435","µV","28.062","°C","1015.000","hPa","35.0","pmil","0","55.560","deg","20.000","°C","100.000","%a.s.","22.340","deg","20.000","°C","962.000","hPa","0.861","-0.02617","0.00035","0","0","13.56","Humid","31.50","0","54.10","280722.18","SABD0002000014","AAV2.0.0.13","3.0.1.1413","PSt7-10","180509-029","9/13/2019 10:47:01 AM","0000-00","0","no battery","V"
"08/17/2021","10:13:44","10","default","328281339","OXY_CH10","15.735","min","190.816","μmol/L","Humid","21.223","deg","102434","µV","28.056","°C","1015.000","hPa","35.0","pmil","0","55.560","deg","20.000","°C","100.000","%a.s.","22.340","deg","20.000","°C","962.000","hPa","0.861","-0.02617","0.00035","0","0","13.56","Humid","31.50","0","54.10","280729.57","SABD0002000014","AAV2.0.0.13","3.0.1.1413","PSt7-10","180509-029","9/13/2019 10:47:01 AM","0000-00","0","no battery","V"
"08/17/2021","10:13:45","10","default","328281339","OXY_CH10","15.752","min","190.865","μmol/L","Humid","21.218","deg","102428","µV","28.062","°C","1015.000","hPa","35.0","pmil","0","55.560","deg","20.000","°C","100.000","%a.s.","22.340","deg","20.000","°C","962.000","hPa","0.861","-0.02617","0.00035","0","0","13.56","Humid","31.50","0","54.10","280730.67","SABD0002000014","AAV2.0.0.13","3.0.1.1413","PSt7-10","180509-029","9/13/2019 10:47:01 AM","0000-00","0","no battery","V"
"08/17/2021","10:13:46","10","default","328281339","OXY_CH10","15.768","min","190.900","μmol/L","Humid","21.218","deg","102427","µV","28.056","°C","1015.000","hPa","35.0","pmil","0","55.560","deg","20.000","°C","100.000","%a.s.","22.340","deg","20.000","°C","962.000","hPa","0.861","-0.02617","0.00035","0","0","13.56","Humid","31.50","0","54.10","280741.45","SABD0002000014","AAV2.0.0.13","3.0.1.1413","PSt7-10","180509-029","9/13/2019 10:47:01 AM","0000-00","0","no battery","V"
"08/17/2021","10:13:47","10","default","328281339","OXY_CH10","15.785","min","190.866","μmol/L","Humid","21.220","deg","102423","µV","28.056","°C","1015.000","hPa","35.0","pmil","0","55.560","deg","20.000","°C","100.000","%a.s.","22.340","deg","20.000","°C","962.000","hPa","0.861","-0.02617","0.00035","0","0","13.56","Humid","31.50","0","54.10","280722.56","SABD0002000014","AAV2.0.0.13","3.0.1.1413","PSt7-10","180509-029","9/13/2019 10:47:01 AM","0000-00","0","no battery","V"
"08/17/2021","10:13:48","10","default","328281339","OXY_CH10","15.802","min","190.850","μmol/L","Humid","21.221","deg","102423","µV","28.056","°C","1015.000","hPa","35.0","pmil","0","55.560","deg","20.000","°C","100.000","%a.s.","22.340","deg","20.000","°C","962.000","hPa","0.861","-0.02617","0.00035","0","0","13.56","Humid","31.50","0","54.10","280732.41","SABD0002000014","AAV2.0.0.13","3.0.1.1413","PSt7-10","180509-029","9/13/2019 10:47:01 AM","0000-00","0","no battery","V"
"08/17/2021","10:13:49","10","default","328281339","OXY_CH10","15.819","min","190.901","μmol/L","Humid","21.220","deg","102428","µV","28.050","°C","1015.000","hPa","35.0","pmil","0","55.560","deg","20.000","°C","100.000","%a.s.","22.340","deg","20.000","°C","962.000","hPa","0.861","-0.02617","0.00035","0","0","13.56","Humid","31.50","0","54.10","280737.82","SABD0002000014","AAV2.0.0.13","3.0.1.1413","PSt7-10","180509-029","9/13/2019 10:47:01 AM","0000-00","0","no battery","V"
"08/17/2021","10:13:50","10","default","328281339","OXY_CH10","15.836","min","190.934","μmol/L","Humid","21.216","deg","102426","µV","28.056","°C","1015.000","hPa","35.0","pmil","0","55.560","deg","20.000","°C","100.000","%a.s.","22.340","deg","20.000","°C","962.000","hPa","0.861","-0.02617","0.00035","0","0","13.56","Humid","31.50","0","54.10","280721.73","SABD0002000014","AAV2.0.0.13","3.0.1.1413","PSt7-10","180509-029","9/13/2019 10:47:01 AM","0000-00","0","no battery","V"
"08/17/2021","10:13:51","10","default","328281339","OXY_CH10","15.852","min","190.900","μmol/L","Humid","21.218","deg","102421","µV","28.056","°C","1015.000","hPa","35.0","pmil","0","55.560","deg","20.000","°C","100.000","%a.s.","22.340","deg","20.000","°C","962.000","hPa","0.861","-0.02617","0.00035","0","0","13.56","Humid","31.50","0","54.10","280737.15","SABD0002000014","AAV2.0.0.13","3.0.1.1413","PSt7-10","180509-029","9/13/2019 10:47:01 AM","0000-00","0","no battery","V"
"08/17/2021","10:13:52","10","default","328281339","OXY_CH10","15.869","min","190.967","μmol/L","Humid","21.214","deg","102411","µV","28.056","°C","1015.000","hPa","35.0","pmil","0","55.560","deg","20.000","°C","100.000","%a.s.","22.340","deg","20.000","°C","962.000","hPa","0.861","-0.02617","0.00035","0","0","13.56","Humid","31.50","0","54.10","280741.10","SABD0002000014","AAV2.0.0.13","3.0.1.1413","PSt7-10","180509-029","9/13/2019 10:47:01 AM","0000-00","0","no battery","V"
"08/17/2021","10:13:53","10","default","328281339","OXY_CH10","15.885","min","190.899","μmol/L","Humid","21.216","deg","102405","µV","28.062","°C","1015.000","hPa","35.0","pmil","0","55.560","deg","20.000","°C","100.000","%a.s.","22.340","deg","20.000","°C","962.000","hPa","0.861","-0.02617","0.00035","0","0","13.56","Humid","31.50","0","54.10","280721.77","SABD0002000014","AAV2.0.0.13","3.0.1.1413","PSt7-10","180509-029","9/13/2019 10:47:01 AM","0000-00","0","no battery","V"
"08/17/2021","10:13:54","10","default","328281339","OXY_CH10","15.902","min","190.917","μmol/L","Humid","21.217","deg","102403","µV","28.056","°C","1015.000","hPa","35.0","pmil","0","55.560","deg","20.000","°C","100.000","%a.s.","22.340","deg","20.000","°C","962.000","hPa","0.861","-0.02617","0.00035","0","0","13.56","Humid","31.50","0","54.10","280723.09","SABD0002000014","AAV2.0.0.13","3.0.1.1413","PSt7-10","180509-029","9/13/2019 10:47:01 AM","0000-00","0","no battery","V"
"08/17/2021","10:13:55","10","default","328281339","OXY_CH10","15.919","min","190.967","μmol/L","Humid","21.214","deg","102393","µV","28.056","°C","1015.000","hPa","35.0","pmil","0","55.560","deg","20.000","°C","100.000","%a.s.","22.340","deg","20.000","°C","962.000","hPa","0.861","-0.02617","0.00035","0","0","13.56","Humid","31.50","0","54.10","280735.08","SABD0002000014","AAV2.0.0.13","3.0.1.1413","PSt7-10","180509-029","9/13/2019 10:47:01 AM","0000-00","0","no battery","V"
"08/17/2021","10:13:56","10","default","328281339","OXY_CH10","15.935","min","190.966","μmol/L","Humid","21.212","deg","102390","µV","28.062","°C","1015.000","hPa","35.0","pmil","0","55.560","deg","20.000","°C","100.000","%a.s.","22.340","deg","20.000","°C","962.000","hPa","0.861","-0.02617","0.00035","0","0","13.56","Humid","31.50","0","54.10","280730.22","SABD0002000014","AAV2.0.0.13","3.0.1.1413","PSt7-10","180509-029","9/13/2019 10:47:01 AM","0000-00","0","no battery","V"
"08/17/2021","10:13:57","10","default","328281339","OXY_CH10","15.952","min","190.967","μmol/L","Humid","21.214","deg","102379","µV","28.056","°C","1015.000","hPa","35.0","pmil","0","55.560","deg","20.000","°C","100.000","%a.s.","22.340","deg","20.000","°C","962.000","hPa","0.861","-0.02617","0.00035","0","0","13.56","Humid","31.50","0","54.10","280723.93","SABD0002000014","AAV2.0.0.13","3.0.1.1413","PSt7-10","180509-029","9/13/2019 10:47:01 AM","0000-00","0","no battery","V"
"08/17/2021","10:13:58","10","default","328281339","OXY_CH10","15.968","min","191.035","μmol/L","Humid","21.210","deg","102374","µV","28.056","°C","1015.000","hPa","35.0","pmil","0","55.560","deg","20.000","°C","100.000","%a.s.","22.340","deg","20.000","°C","962.000","hPa","0.861","-0.02617","0.00035","0","0","13.56","Humid","31.50","0","54.10","280720.81","SABD0002000014","AAV2.0.0.13","3.0.1.1413","PSt7-10","180509-029","9/13/2019 10:47:01 AM","0000-00","0","no battery","V"
"08/17/2021","10:13:59","10","default","328281339","OXY_CH10","15.985","min","190.983","μmol/L","Humid","21.211","deg","102374","µV","28.062","°C","1015.000","hPa","35.0","pmil","0","55.560","deg","20.000","°C","100.000","%a.s.","22.340","deg","20.000","°C","962.000","hPa","0.861","-0.02617","0.00035","0","0","13.56","Humid","31.50","0","54.10","280723.04","SABD0002000014","AAV2.0.0.13","3.0.1.1413","PSt7-10","180509-029","9/13/2019 10:47:01 AM","0000-00","0","no battery","V"
"08/17/2021","10:14:00","10","default","328281339","OXY_CH10","16.002","min","191.033","μmol/L","Humid","21.208","deg","102367","µV","28.062","°C","1015.000","hPa","35.0","pmil","0","55.560","deg","20.000","°C","100.000","%a.s.","22.340","deg","20.000","°C","962.000","hPa","0.861","-0.02617","0.00035","0","0","13.56","Humid","31.50","0","54.10","280721.66","SABD0002000014","AAV2.0.0.13","3.0.1.1413","PSt7-10","180509-029","9/13/2019 10:47:01 AM","0000-00","0","no battery","V"
"08/17/2021","10:14:01","10","default","328281339","OXY_CH10","16.019","min","190.966","μmol/L","Humid","21.212","deg","102366","µV","28.062","°C","1015.000","hPa","35.0","pmil","0","55.560","deg","20.000","°C","100.000","%a.s.","22.340","deg","20.000","°C","962.000","hPa","0.861","-0.02617","0.00035","0","0","13.56","Humid","31.50","0","54.10","280723.92","SABD0002000014","AAV2.0.0.13","3.0.1.1413","PSt7-10","180509-029","9/13/2019 10:47:01 AM","0000-00","0","no battery","V"
"08/17/2021","10:14:02","10","default","328281339","OXY_CH10","16.036","min","191.017","μmol/L","Humid","21.209","deg","102361","µV","28.062","°C","1015.000","hPa","35.0","pmil","0","55.560","deg","20.000","°C","100.000","%a.s.","22.340","deg","20.000","°C","962.000","hPa","0.861","-0.02617","0.00035","0","0","13.56","Humid","31.50","0","54.10","280736.70","SABD0002000014","AAV2.0.0.13","3.0.1.1413","PSt7-10","180509-029","9/13/2019 10:47:01 AM","0000-00","0","no battery","V"
"08/17/2021","10:14:03","10","default","328281339","OXY_CH10","16.052","min","191.067","μmol/L","Humid","21.206","deg","102356","µV","28.062","°C","1015.000","hPa","35.0","pmil","0","55.560","deg","20.000","°C","100.000","%a.s.","22.340","deg","20.000","°C","962.000","hPa","0.861","-0.02617","0.00035","0","0","13.56","Humid","31.50","0","54.10","280726.90","SABD0002000014","AAV2.0.0.13","3.0.1.1413","PSt7-10","180509-029","9/13/2019 10:47:01 AM","0000-00","0","no battery","V"
"08/17/2021","10:14:04","10","default","328281339","OXY_CH10","16.069","min","191.015","μmol/L","Humid","21.207","deg","102360","µV","28.068","°C","1015.000","hPa","35.0","pmil","0","55.560","deg","20.000","°C","100.000","%a.s.","22.340","deg","20.000","°C","962.000","hPa","0.861","-0.02617","0.00035","0","0","13.56","Humid","31.50","0","54.10","280724.67","SABD0002000014","AAV2.0.0.13","3.0.1.1413","PSt7-10","180509-029","9/13/2019 10:47:01 AM","0000-00","0","no battery","V"
"08/17/2021","10:14:05","10","default","328281339","OXY_CH10","16.085","min","191.101","μmol/L","Humid","21.204","deg","102350","µV","28.062","°C","1015.000","hPa","35.0","pmil","0","55.560","deg","20.000","°C","100.000","%a.s.","22.340","deg","20.000","°C","962.000","hPa","0.861","-0.02617","0.00035","0","0","13.56","Humid","31.50","0","54.10","280727.79","SABD0002000014","AAV2.0.0.13","3.0.1.1413","PSt7-10","180509-029","9/13/2019 10:47:01 AM","0000-00","0","no battery","V"
"08/17/2021","10:14:06","10","default","328281339","OXY_CH10","16.102","min","191.067","μmol/L","Humid","21.206","deg","102343","µV","28.062","°C","1015.000","hPa","35.0","pmil","0","55.560","deg","20.000","°C","100.000","%a.s.","22.340","deg","20.000","°C","962.000","hPa","0.861","-0.02617","0.00035","0","0","13.56","Humid","31.50","0","54.10","280729.71","SABD0002000014","AAV2.0.0.13","3.0.1.1413","PSt7-10","180509-029","9/13/2019 10:47:01 AM","0000-00","0","no battery","V"
"08/17/2021","10:14:07","10","default","328281339","OXY_CH10","16.119","min","191.119","μmol/L","Humid","21.205","deg","102341","µV","28.056","°C","1015.000","hPa","35.0","pmil","0","55.560","deg","20.000","°C","100.000","%a.s.","22.340","deg","20.000","°C","962.000","hPa","0.861","-0.02617","0.00035","0","0","13.56","Humid","31.50","0","54.10","280728.82","SABD0002000014","AAV2.0.0.13","3.0.1.1413","PSt7-10","180509-029","9/13/2019 10:47:01 AM","0000-00","0","no battery","V"
"08/17/2021","10:14:08","10","default","328281339","OXY_CH10","16.136","min","191.101","μmol/L","Humid","21.204","deg","102348","µV","28.062","°C","1015.000","hPa","35.0","pmil","0","55.560","deg","20.000","°C","100.000","%a.s.","22.340","deg","20.000","°C","962.000","hPa","0.861","-0.02617","0.00035","0","0","13.56","Humid","31.50","0","54.10","280738.03","SABD0002000014","AAV2.0.0.13","3.0.1.1413","PSt7-10","180509-029","9/13/2019 10:47:01 AM","0000-00","0","no battery","V"
"08/17/2021","10:14:09","10","default","328281339","OXY_CH10","16.152","min","191.101","μmol/L","Humid","21.204","deg","102342","µV","28.062","°C","1015.000","hPa","35.0","pmil","0","55.560","deg","20.000","°C","100.000","%a.s.","22.340","deg","20.000","°C","962.000","hPa","0.861","-0.02617","0.00035","0","0","13.56","Humid","31.50","0","54.10","280722.09","SABD0002000014","AAV2.0.0.13","3.0.1.1413","PSt7-10","180509-029","9/13/2019 10:47:01 AM","0000-00","0","no battery","V"
"08/17/2021","10:14:10","10","default","328281339","OXY_CH10","16.169","min","191.135","μmol/L","Humid","21.202","deg","102336","µV","28.062","°C","1015.000","hPa","35.0","pmil","0","55.560","deg","20.000","°C","100.000","%a.s.","22.340","deg","20.000","°C","962.000","hPa","0.861","-0.02617","0.00035","0","0","13.56","Humid","31.50","0","54.10","280727.42","SABD0002000014","AAV2.0.0.13","3.0.1.1413","PSt7-10","180509-029","9/13/2019 10:47:01 AM","0000-00","0","no battery","V"
"08/17/2021","10:14:11","10","default","328281339","OXY_CH10","16.186","min","191.187","μmol/L","Humid","21.201","deg","102328","µV","28.056","°C","1015.000","hPa","35.0","pmil","0","55.560","deg","20.000","°C","100.000","%a.s.","22.340","deg","20.000","°C","962.000","hPa","0.861","-0.02617","0.00035","0","0","13.56","Humid","31.50","0","54.10","280730.51","SABD0002000014","AAV2.0.0.13","3.0.1.1413","PSt7-10","180509-029","9/13/2019 10:47:01 AM","0000-00","0","no battery","V"
"08/17/2021","10:14:12","10","default","328281339","OXY_CH10","16.203","min","191.118","μmol/L","Humid","21.203","deg","102325","µV","28.062","°C","1015.000","hPa","35.0","pmil","0","55.560","deg","20.000","°C","100.000","%a.s.","22.340","deg","20.000","°C","962.000","hPa","0.861","-0.02617","0.00035","0","0","13.56","Humid","31.50","0","54.10","280730.59","SABD0002000014","AAV2.0.0.13","3.0.1.1413","PSt7-10","180509-029","9/13/2019 10:47:01 AM","0000-00","0","no battery","V"
"08/17/2021","10:14:13","10","default","328281339","OXY_CH10","16.219","min","191.118","μmol/L","Humid","21.203","deg","102325","µV","28.062","°C","1015.000","hPa","35.0","pmil","0","55.560","deg","20.000","°C","100.000","%a.s.","22.340","deg","20.000","°C","962.000","hPa","0.861","-0.02617","0.00035","0","0","13.56","Humid","31.50","0","54.10","280726.16","SABD0002000014","AAV2.0.0.13","3.0.1.1413","PSt7-10","180509-029","9/13/2019 10:47:01 AM","0000-00","0","no battery","V"
"08/17/2021","10:14:14","10","default","328281339","OXY_CH10","16.236","min","191.185","μmol/L","Humid","21.199","deg","102319","µV","28.062","°C","1015.000","hPa","35.0","pmil","0","55.560","deg","20.000","°C","100.000","%a.s.","22.340","deg","20.000","°C","962.000","hPa","0.861","-0.02617","0.00035","0","0","13.56","Humid","31.50","0","54.10","280717.05","SABD0002000014","AAV2.0.0.13","3.0.1.1413","PSt7-10","180509-029","9/13/2019 10:47:01 AM","0000-00","0","no battery","V"
"08/17/2021","10:14:15","10","default","328281339","OXY_CH10","16.252","min","191.150","μmol/L","Humid","21.199","deg","102320","µV","28.068","°C","1015.000","hPa","35.0","pmil","0","55.560","deg","20.000","°C","100.000","%a.s.","22.340","deg","20.000","°C","962.000","hPa","0.861","-0.02617","0.00035","0","0","13.56","Humid","31.50","0","54.10","280721.21","SABD0002000014","AAV2.0.0.13","3.0.1.1413","PSt7-10","180509-029","9/13/2019 10:47:01 AM","0000-00","0","no battery","V"
"08/17/2021","10:14:16","10","default","328281339","OXY_CH10","16.269","min","191.184","μmol/L","Humid","21.197","deg","102321","µV","28.068","°C","1015.000","hPa","35.0","pmil","0","55.560","deg","20.000","°C","100.000","%a.s.","22.340","deg","20.000","°C","962.000","hPa","0.861","-0.02617","0.00035","0","0","13.56","Humid","31.50","0","54.10","280725.86","SABD0002000014","AAV2.0.0.13","3.0.1.1413","PSt7-10","180509-029","9/13/2019 10:47:01 AM","0000-00","0","no battery","V"
"08/17/2021","10:14:17","10","default","328281339","OXY_CH10","16.285","min","191.151","μmol/L","Humid","21.201","deg","102314","µV","28.062","°C","1015.000","hPa","35.0","pmil","0","55.560","deg","20.000","°C","100.000","%a.s.","22.340","deg","20.000","°C","962.000","hPa","0.861","-0.02617","0.00035","0","0","13.56","Humid","31.50","0","54.10","280725.23","SABD0002000014","AAV2.0.0.13","3.0.1.1413","PSt7-10","180509-029","9/13/2019 10:47:01 AM","0000-00","0","no battery","V"
"08/17/2021","10:14:18","10","default","328281339","OXY_CH10","16.302","min","191.237","μmol/L","Humid","21.198","deg","102309","µV","28.056","°C","1015.000","hPa","35.0","pmil","0","55.560","deg","20.000","°C","100.000","%a.s.","22.340","deg","20.000","°C","962.000","hPa","0.861","-0.02617","0.00035","0","0","13.56","Humid","31.50","0","54.10","280717.49","SABD0002000014","AAV2.0.0.13","3.0.1.1413","PSt7-10","180509-029","9/13/2019 10:47:01 AM","0000-00","0","no battery","V"
"08/17/2021","10:14:19","10","default","328281339","OXY_CH10","16.319","min","191.270","μmol/L","Humid","21.194","deg","102308","µV","28.062","°C","1015.000","hPa","35.0","pmil","0","55.560","deg","20.000","°C","100.000","%a.s.","22.340","deg","20.000","°C","962.000","hPa","0.861","-0.02617","0.00035","0","0","13.56","Humid","31.50","0","54.10","280712.91","SABD0002000014","AAV2.0.0.13","3.0.1.1413","PSt7-10","180509-029","9/13/2019 10:47:01 AM","0000-00","0","no battery","V"
"08/17/2021","10:14:20","10","default","328281339","OXY_CH10","16.335","min","191.288","μmol/L","Humid","21.195","deg","102302","µV","28.056","°C","1015.000","hPa","35.0","pmil","0","55.560","deg","20.000","°C","100.000","%a.s.","22.340","deg","20.000","°C","962.000","hPa","0.861","-0.02617","0.00035","0","0","13.56","Humid","31.50","0","54.10","280718.99","SABD0002000014","AAV2.0.0.13","3.0.1.1413","PSt7-10","180509-029","9/13/2019 10:47:01 AM","0000-00","0","no battery","V"
"08/17/2021","10:14:21","10","default","328281339","OXY_CH10","16.352","min","191.253","μmol/L","Humid","21.195","deg","102295","µV","28.062","°C","1015.000","hPa","35.0","pmil","0","55.560","deg","20.000","°C","100.000","%a.s.","22.340","deg","20.000","°C","962.000","hPa","0.861","-0.02617","0.00035","0","0","13.56","Humid","31.50","0","54.10","280727.28","SABD0002000014","AAV2.0.0.13","3.0.1.1413","PSt7-10","180509-029","9/13/2019 10:47:01 AM","0000-00","0","no battery","V"
"08/17/2021","10:14:22","10","default","328281339","OXY_CH10","16.369","min","191.270","μmol/L","Humid","21.194","deg","102281","µV","28.062","°C","1015.000","hPa","35.0","pmil","0","55.560","deg","20.000","°C","100.000","%a.s.","22.340","deg","20.000","°C","962.000","hPa","0.861","-0.02617","0.00035","0","0","13.56","Humid","31.50","0","54.10","280718.15","SABD0002000014","AAV2.0.0.13","3.0.1.1413","PSt7-10","180509-029","9/13/2019 10:47:01 AM","0000-00","0","no battery","V"
"08/17/2021","10:14:23","10","default","328281339","OXY_CH10","16.385","min","191.357","μmol/L","Humid","21.193","deg","102282","µV","28.050","°C","1015.000","hPa","35.0","pmil","0","55.560","deg","20.000","°C","100.000","%a.s.","22.340","deg","20.000","°C","962.000","hPa","0.861","-0.02617","0.00035","0","0","13.56","Humid","31.50","0","54.10","280712.03","SABD0002000014","AAV2.0.0.13","3.0.1.1413","PSt7-10","180509-029","9/13/2019 10:47:01 AM","0000-00","0","no battery","V"
"08/17/2021","10:14:24","10","default","328281339","OXY_CH10","16.402","min","191.251","μmol/L","Humid","21.193","deg","102280","µV","28.068","°C","1015.000","hPa","35.0","pmil","0","55.560","deg","20.000","°C","100.000","%a.s.","22.340","deg","20.000","°C","962.000","hPa","0.861","-0.02617","0.00035","0","0","13.56","Humid","31.50","0","54.10","280713.84","SABD0002000014","AAV2.0.0.13","3.0.1.1413","PSt7-10","180509-029","9/13/2019 10:47:01 AM","0000-00","0","no battery","V"
"08/17/2021","10:14:25","10","default","328281339","OXY_CH10","16.419","min","191.285","μmol/L","Humid","21.191","deg","102275","µV","28.068","°C","1015.000","hPa","35.0","pmil","0","55.560","deg","20.000","°C","100.000","%a.s.","22.340","deg","20.000","°C","962.000","hPa","0.861","-0.02617","0.00035","0","0","13.56","Humid","31.50","0","54.10","280718.33","SABD0002000014","AAV2.0.0.13","3.0.1.1413","PSt7-10","180509-029","9/13/2019 10:47:01 AM","0000-00","0","no battery","V"
"08/17/2021","10:14:26","10","default","328281339","OXY_CH10","16.435","min","191.250","μmol/L","Humid","21.191","deg","102268","µV","28.074","°C","1015.000","hPa","35.0","pmil","0","55.560","deg","20.000","°C","100.000","%a.s.","22.340","deg","20.000","°C","962.000","hPa","0.861","-0.02617","0.00035","0","0","13.56","Humid","31.50","0","54.10","280723.46","SABD0002000014","AAV2.0.0.13","3.0.1.1413","PSt7-10","180509-029","9/13/2019 10:47:01 AM","0000-00","0","no battery","V"
"08/17/2021","10:14:27","10","default","328281339","OXY_CH10","16.452","min","191.339","μmol/L","Humid","21.192","deg","102273","µV","28.056","°C","1015.000","hPa","35.0","pmil","0","55.560","deg","20.000","°C","100.000","%a.s.","22.340","deg","20.000","°C","962.000","hPa","0.861","-0.02617","0.00035","0","0","13.56","Humid","31.50","0","54.10","280716.30","SABD0002000014","AAV2.0.0.13","3.0.1.1413","PSt7-10","180509-029","9/13/2019 10:47:01 AM","0000-00","0","no battery","V"
"08/17/2021","10:14:28","10","default","328281339","OXY_CH10","16.469","min","191.319","μmol/L","Humid","21.189","deg","102268","µV","28.068","°C","1015.000","hPa","35.0","pmil","0","55.560","deg","20.000","°C","100.000","%a.s.","22.340","deg","20.000","°C","962.000","hPa","0.861","-0.02617","0.00035","0","0","13.56","Humid","31.50","0","54.10","280720.89","SABD0002000014","AAV2.0.0.13","3.0.1.1413","PSt7-10","180509-029","9/13/2019 10:47:01 AM","0000-00","0","no battery","V"
"08/17/2021","10:14:29","10","default","328281339","OXY_CH10","16.485","min","191.371","μmol/L","Humid","21.188","deg","102274","µV","28.062","°C","1015.000","hPa","35.0","pmil","0","55.560","deg","20.000","°C","100.000","%a.s.","22.340","deg","20.000","°C","962.000","hPa","0.861","-0.02617","0.00035","0","0","13.56","Humid","31.50","0","54.10","280707.70","SABD0002000014","AAV2.0.0.13","3.0.1.1413","PSt7-10","180509-029","9/13/2019 10:47:01 AM","0000-00","0","no battery","V"
"08/17/2021","10:14:30","10","default","328281339","OXY_CH10","16.502","min","191.354","μmol/L","Humid","21.189","deg","102267","µV","28.062","°C","1015.000","hPa","35.0","pmil","0","55.560","deg","20.000","°C","100.000","%a.s.","22.340","deg","20.000","°C","962.000","hPa","0.861","-0.02617","0.00035","0","0","13.56","Humid","31.50","0","54.10","280721.08","SABD0002000014","AAV2.0.0.13","3.0.1.1413","PSt7-10","180509-029","9/13/2019 10:47:01 AM","0000-00","0","no battery","V"
"08/17/2021","10:14:31","10","default","328281339","OXY_CH10","16.518","min","191.405","μmol/L","Humid","21.186","deg","102260","µV","28.062","°C","1015.000","hPa","35.0","pmil","0","55.560","deg","20.000","°C","100.000","%a.s.","22.340","deg","20.000","°C","962.000","hPa","0.861","-0.02617","0.00035","0","0","13.56","Humid","31.50","0","54.10","280719.96","SABD0002000014","AAV2.0.0.13","3.0.1.1413","PSt7-10","180509-029","9/13/2019 10:47:01 AM","0000-00","0","no battery","V"
"08/17/2021","10:14:32","10","default","328281339","OXY_CH10","16.535","min","191.251","μmol/L","Humid","21.193","deg","102264","µV","28.068","°C","1015.000","hPa","35.0","pmil","0","55.560","deg","20.000","°C","100.000","%a.s.","22.340","deg","20.000","°C","962.000","hPa","0.861","-0.02617","0.00035","0","0","13.56","Humid","31.50","0","54.10","280724.35","SABD0002000014","AAV2.0.0.13","3.0.1.1413","PSt7-10","180509-029","9/13/2019 10:47:01 AM","0000-00","0","no battery","V"
"08/17/2021","10:14:33","10","default","328281339","OXY_CH10","16.552","min","191.337","μmol/L","Humid","21.190","deg","102262","µV","28.062","°C","1015.000","hPa","35.0","pmil","0","55.560","deg","20.000","°C","100.000","%a.s.","22.340","deg","20.000","°C","962.000","hPa","0.861","-0.02617","0.00035","0","0","13.56","Humid","31.50","0","54.10","280719.31","SABD0002000014","AAV2.0.0.13","3.0.1.1413","PSt7-10","180509-029","9/13/2019 10:47:01 AM","0000-00","0","no battery","V"
"08/17/2021","10:14:34","10","default","328281339","OXY_CH10","16.569","min","191.351","μmol/L","Humid","21.185","deg","102254","µV","28.074","°C","1015.000","hPa","35.0","pmil","0","55.560","deg","20.000","°C","100.000","%a.s.","22.340","deg","20.000","°C","962.000","hPa","0.861","-0.02617","0.00035","0","0","13.56","Humid","31.50","0","54.10","280714.86","SABD0002000014","AAV2.0.0.13","3.0.1.1413","PSt7-10","180509-029","9/13/2019 10:47:01 AM","0000-00","0","no battery","V"
"08/17/2021","10:14:35","10","default","328281339","OXY_CH10","16.586","min","191.369","μmol/L","Humid","21.186","deg","102249","µV","28.068","°C","1015.000","hPa","35.0","pmil","0","55.560","deg","20.000","°C","100.000","%a.s.","22.340","deg","20.000","°C","962.000","hPa","0.861","-0.02617","0.00035","0","0","13.56","Humid","31.50","0","54.10","280711.80","SABD0002000014","AAV2.0.0.13","3.0.1.1413","PSt7-10","180509-029","9/13/2019 10:47:01 AM","0000-00","0","no battery","V"
"08/17/2021","10:14:36","10","default","328281339","OXY_CH10","16.602","min","191.422","μmol/L","Humid","21.185","deg","102236","µV","28.062","°C","1015.000","hPa","35.0","pmil","0","55.560","deg","20.000","°C","100.000","%a.s.","22.340","deg","20.000","°C","962.000","hPa","0.861","-0.02617","0.00035","0","0","13.56","Humid","31.50","0","54.10","280713.70","SABD0002000014","AAV2.0.0.13","3.0.1.1413","PSt7-10","180509-029","9/13/2019 10:47:01 AM","0000-00","0","no battery","V"
"08/17/2021","10:14:37","10","default","328281339","OXY_CH10","16.619","min","191.403","μmol/L","Humid","21.184","deg","102228","µV","28.068","°C","1015.000","hPa","35.0","pmil","0","55.560","deg","20.000","°C","100.000","%a.s.","22.340","deg","20.000","°C","962.000","hPa","0.861","-0.02617","0.00035","0","0","13.56","Humid","31.50","0","54.10","280710.10","SABD0002000014","AAV2.0.0.13","3.0.1.1413","PSt7-10","180509-029","9/13/2019 10:47:01 AM","0000-00","0","no battery","V"
"08/17/2021","10:14:38","10","default","328281339","OXY_CH10","16.635","min","191.386","μmol/L","Humid","21.185","deg","102237","µV","28.068","°C","1015.000","hPa","35.0","pmil","0","55.560","deg","20.000","°C","100.000","%a.s.","22.340","deg","20.000","°C","962.000","hPa","0.861","-0.02617","0.00035","0","0","13.56","Humid","31.50","0","54.10","280709.45","SABD0002000014","AAV2.0.0.13","3.0.1.1413","PSt7-10","180509-029","9/13/2019 10:47:01 AM","0000-00","0","no battery","V"
"08/17/2021","10:14:39","10","default","328281339","OXY_CH10","16.652","min","191.472","μmol/L","Humid","21.182","deg","102221","µV","28.062","°C","1015.000","hPa","35.0","pmil","0","55.560","deg","20.000","°C","100.000","%a.s.","22.340","deg","20.000","°C","962.000","hPa","0.861","-0.02617","0.00035","0","0","13.56","Humid","31.50","0","54.10","280717.80","SABD0002000014","AAV2.0.0.13","3.0.1.1413","PSt7-10","180509-029","9/13/2019 10:47:01 AM","0000-00","0","no battery","V"
"08/17/2021","10:14:40","10","default","328281339","OXY_CH10","16.669","min","191.505","μmol/L","Humid","21.178","deg","102224","µV","28.068","°C","1015.000","hPa","35.0","pmil","0","55.560","deg","20.000","°C","100.000","%a.s.","22.340","deg","20.000","°C","962.000","hPa","0.861","-0.02617","0.00035","0","0","13.56","Humid","31.50","0","54.10","280711.70","SABD0002000014","AAV2.0.0.13","3.0.1.1413","PSt7-10","180509-029","9/13/2019 10:47:01 AM","0000-00","0","no battery","V"
"08/17/2021","10:14:41","10","default","328281339","OXY_CH10","16.685","min","191.402","μmol/L","Humid","21.182","deg","102218","µV","28.074","°C","1015.000","hPa","35.0","pmil","0","55.560","deg","20.000","°C","100.000","%a.s.","22.340","deg","20.000","°C","962.000","hPa","0.861","-0.02617","0.00035","0","0","13.56","Humid","31.50","0","54.10","280719.76","SABD0002000014","AAV2.0.0.13","3.0.1.1413","PSt7-10","180509-029","9/13/2019 10:47:01 AM","0000-00","0","no battery","V"
"08/17/2021","10:14:42","10","default","328281339","OXY_CH10","16.702","min","191.454","μmol/L","Humid","21.181","deg","102209","µV","28.068","°C","1015.000","hPa","35.0","pmil","0","55.560","deg","20.000","°C","100.000","%a.s.","22.340","deg","20.000","°C","962.000","hPa","0.861","-0.02617","0.00035","0","0","13.56","Humid","31.50","0","54.10","280708.45","SABD0002000014","AAV2.0.0.13","3.0.1.1413","PSt7-10","180509-029","9/13/2019 10:47:01 AM","0000-00","0","no battery","V"
"08/17/2021","10:14:43","10","default","328281339","OXY_CH10","16.718","min","191.469","μmol/L","Humid","21.178","deg","102209","µV","28.074","°C","1015.000","hPa","35.0","pmil","0","55.560","deg","20.000","°C","100.000","%a.s.","22.340","deg","20.000","°C","962.000","hPa","0.861","-0.02617","0.00035","0","0","13.56","Humid","31.50","0","54.10","280707.43","SABD0002000014","AAV2.0.0.13","3.0.1.1413","PSt7-10","180509-029","9/13/2019 10:47:01 AM","0000-00","0","no battery","V"
"08/17/2021","10:14:44","10","default","328281339","OXY_CH10","16.735","min","191.454","μmol/L","Humid","21.181","deg","102210","µV","28.068","°C","1015.000","hPa","35.0","pmil","0","55.560","deg","20.000","°C","100.000","%a.s.","22.340","deg","20.000","°C","962.000","hPa","0.861","-0.02617","0.00035","0","0","13.56","Humid","31.50","0","54.10","280705.51","SABD0002000014","AAV2.0.0.13","3.0.1.1413","PSt7-10","180509-029","9/13/2019 10:47:01 AM","0000-00","0","no battery","V"
"08/17/2021","10:14:45","10","default","328281339","OXY_CH10","16.752","min","191.486","μmol/L","Humid","21.177","deg","102193","µV","28.074","°C","1015.000","hPa","35.0","pmil","0","55.560","deg","20.000","°C","100.000","%a.s.","22.340","deg","20.000","°C","962.000","hPa","0.861","-0.02617","0.00035","0","0","13.56","Humid","31.50","0","54.10","280716.55","SABD0002000014","AAV2.0.0.13","3.0.1.1413","PSt7-10","180509-029","9/13/2019 10:47:01 AM","0000-00","0","no battery","V"
"08/17/2021","10:14:46","10","default","328281339","OXY_CH10","16.769","min","191.539","μmol/L","Humid","21.176","deg","102200","µV","28.068","°C","1015.000","hPa","35.0","pmil","0","55.560","deg","20.000","°C","100.000","%a.s.","22.340","deg","20.000","°C","962.000","hPa","0.861","-0.02617","0.00035","0","0","13.56","Humid","31.50","0","54.10","280715.61","SABD0002000014","AAV2.0.0.13","3.0.1.1413","PSt7-10","180509-029","9/13/2019 10:47:01 AM","0000-00","0","no battery","V"
"08/17/2021","10:14:47","10","default","328281339","OXY_CH10","16.785","min","191.522","μmol/L","Humid","21.177","deg","102198","µV","28.068","°C","1015.000","hPa","35.0","pmil","0","55.560","deg","20.000","°C","100.000","%a.s.","22.340","deg","20.000","°C","962.000","hPa","0.861","-0.02617","0.00035","0","0","13.56","Humid","31.50","0","54.10","280714.29","SABD0002000014","AAV2.0.0.13","3.0.1.1413","PSt7-10","180509-029","9/13/2019 10:47:01 AM","0000-00","0","no battery","V"
"08/17/2021","10:14:48","10","default","328281339","OXY_CH10","16.802","min","191.453","μmol/L","Humid","21.179","deg","102199","µV","28.074","°C","1015.000","hPa","35.0","pmil","0","55.560","deg","20.000","°C","100.000","%a.s.","22.340","deg","20.000","°C","962.000","hPa","0.861","-0.02617","0.00035","0","0","13.56","Humid","31.50","0","54.10","280704.33","SABD0002000014","AAV2.0.0.13","3.0.1.1413","PSt7-10","180509-029","9/13/2019 10:47:01 AM","0000-00","0","no battery","V"
"08/17/2021","10:14:49","10","default","328281339","OXY_CH10","16.819","min","191.555","μmol/L","Humid","21.175","deg","102188","µV","28.068","°C","1015.000","hPa","35.0","pmil","0","55.560","deg","20.000","°C","100.000","%a.s.","22.340","deg","20.000","°C","962.000","hPa","0.861","-0.02617","0.00035","0","0","13.56","Humid","31.50","0","54.10","280723.18","SABD0002000014","AAV2.0.0.13","3.0.1.1413","PSt7-10","180509-029","9/13/2019 10:47:01 AM","0000-00","0","no battery","V"
"08/17/2021","10:14:50","10","default","328281339","OXY_CH10","16.835","min","191.539","μmol/L","Humid","21.176","deg","102186","µV","28.068","°C","1015.000","hPa","35.0","pmil","0","55.560","deg","20.000","°C","100.000","%a.s.","22.340","deg","20.000","°C","962.000","hPa","0.861","-0.02617","0.00035","0","0","13.56","Humid","31.50","0","54.10","280707.77","SABD0002000014","AAV2.0.0.13","3.0.1.1413","PSt7-10","180509-029","9/13/2019 10:47:01 AM","0000-00","0","no battery","V"
"08/17/2021","10:14:51","10","default","328281339","OXY_CH10","16.852","min","191.539","μmol/L","Humid","21.176","deg","102181","µV","28.068","°C","1015.000","hPa","35.0","pmil","0","55.560","deg","20.000","°C","100.000","%a.s.","22.340","deg","20.000","°C","962.000","hPa","0.861","-0.02617","0.00035","0","0","13.56","Humid","31.50","0","54.10","280721.38","SABD0002000014","AAV2.0.0.13","3.0.1.1413","PSt7-10","180509-029","9/13/2019 10:47:01 AM","0000-00","0","no battery","V"
"08/17/2021","10:14:52","10","default","328281339","OXY_CH10","16.869","min","191.608","μmol/L","Humid","21.174","deg","102179","µV","28.062","°C","1015.000","hPa","35.0","pmil","0","55.560","deg","20.000","°C","100.000","%a.s.","22.340","deg","20.000","°C","962.000","hPa","0.861","-0.02617","0.00035","0","0","13.56","Humid","31.50","0","54.10","280712.92","SABD0002000014","AAV2.0.0.13","3.0.1.1413","PSt7-10","180509-029","9/13/2019 10:47:01 AM","0000-00","0","no battery","V"
"08/17/2021","10:14:53","10","default","328281339","OXY_CH10","16.885","min","191.536","μmol/L","Humid","21.172","deg","102170","µV","28.080","°C","1015.000","hPa","35.0","pmil","0","55.560","deg","20.000","°C","100.000","%a.s.","22.340","deg","20.000","°C","962.000","hPa","0.861","-0.02617","0.00035","0","0","13.56","Humid","31.50","0","54.10","280706.43","SABD0002000014","AAV2.0.0.13","3.0.1.1413","PSt7-10","180509-029","9/13/2019 10:47:01 AM","0000-00","0","no battery","V"
"08/17/2021","10:14:54","10","default","328281339","OXY_CH10","16.902","min","191.571","μmol/L","Humid","21.172","deg","102168","µV","28.074","°C","1015.000","hPa","35.0","pmil","0","55.560","deg","20.000","°C","100.000","%a.s.","22.340","deg","20.000","°C","962.000","hPa","0.861","-0.02617","0.00035","0","0","13.56","Humid","31.50","0","54.10","280708.80","SABD0002000014","AAV2.0.0.13","3.0.1.1413","PSt7-10","180509-029","9/13/2019 10:47:01 AM","0000-00","0","no battery","V"
"08/17/2021","10:14:55","10","default","328281339","OXY_CH10","16.918","min","191.623","μmol/L","Humid","21.171","deg","102161","µV","28.068","°C","1015.000","hPa","35.0","pmil","0","55.560","deg","20.000","°C","100.000","%a.s.","22.340","deg","20.000","°C","962.000","hPa","0.861","-0.02617","0.00035","0","0","13.56","Humid","31.50","0","54.10","280705.07","SABD0002000014","AAV2.0.0.13","3.0.1.1413","PSt7-10","180509-029","9/13/2019 10:47:01 AM","0000-00","0","no battery","V"
"08/17/2021","10:14:56","10","default","328281339","OXY_CH10","16.936","min","191.674","μmol/L","Humid","21.168","deg","102161","µV","28.068","°C","1015.000","hPa","35.0","pmil","0","55.560","deg","20.000","°C","100.000","%a.s.","22.340","deg","20.000","°C","962.000","hPa","0.861","-0.02617","0.00035","0","0","13.56","Humid","31.50","0","54.10","280705.45","SABD0002000014","AAV2.0.0.13","3.0.1.1413","PSt7-10","180509-029","9/13/2019 10:47:01 AM","0000-00","0","no battery","V"
"08/17/2021","10:14:57","10","default","328281339","OXY_CH10","16.952","min","191.657","μmol/L","Humid","21.169","deg","102164","µV","28.068","°C","1015.000","hPa","35.0","pmil","0","55.560","deg","20.000","°C","100.000","%a.s.","22.340","deg","20.000","°C","962.000","hPa","0.861","-0.02617","0.00035","0","0","13.56","Humid","31.50","0","54.10","280715.53","SABD0002000014","AAV2.0.0.13","3.0.1.1413","PSt7-10","180509-029","9/13/2019 10:47:01 AM","0000-00","0","no battery","V"
"08/17/2021","10:14:58","10","default","328281339","OXY_CH10","16.969","min","191.605","μmol/L","Humid","21.170","deg","102158","µV","28.074","°C","1015.000","hPa","35.0","pmil","0","55.560","deg","20.000","°C","100.000","%a.s.","22.340","deg","20.000","°C","962.000","hPa","0.861","-0.02617","0.00035","0","0","13.56","Humid","31.50","0","54.10","280704.59","SABD0002000014","AAV2.0.0.13","3.0.1.1413","PSt7-10","180509-029","9/13/2019 10:47:01 AM","0000-00","0","no battery","V"
"08/17/2021","10:14:59","10","default","328281339","OXY_CH10","16.985","min","191.639","μmol/L","Humid","21.168","deg","102159","µV","28.074","°C","1015.000","hPa","35.0","pmil","0","55.560","deg","20.000","°C","100.000","%a.s.","22.340","deg","20.000","°C","962.000","hPa","0.861","-0.02617","0.00035","0","0","13.56","Humid","31.50","0","54.10","280724.04","SABD0002000014","AAV2.0.0.13","3.0.1.1413","PSt7-10","180509-029","9/13/2019 10:47:01 AM","0000-00","0","no battery","V"
"08/17/2021","10:15:00","10","default","328281339","OXY_CH10","17.002","min","191.691","μmol/L","Humid","21.167","deg","102148","µV","28.068","°C","1015.000","hPa","35.0","pmil","0","55.560","deg","20.000","°C","100.000","%a.s.","22.340","deg","20.000","°C","962.000","hPa","0.861","-0.02617","0.00035","0","0","13.56","Humid","31.50","0","54.10","280705.63","SABD0002000014","AAV2.0.0.13","3.0.1.1413","PSt7-10","180509-029","9/13/2019 10:47:01 AM","0000-00","0","no battery","V"
"08/17/2021","10:15:01","10","default","328281339","OXY_CH10","17.019","min","191.674","μmol/L","Humid","21.168","deg","102135","µV","28.068","°C","1015.000","hPa","35.0","pmil","0","55.560","deg","20.000","°C","100.000","%a.s.","22.340","deg","20.000","°C","962.000","hPa","0.861","-0.02617","0.00035","0","0","13.56","Humid","31.50","0","54.10","280714.14","SABD0002000014","AAV2.0.0.13","3.0.1.1413","PSt7-10","180509-029","9/13/2019 10:47:01 AM","0000-00","0","no battery","V"
"08/17/2021","10:15:02","10","default","328281339","OXY_CH10","17.035","min","191.623","μmol/L","Humid","21.171","deg","102129","µV","28.068","°C","1015.000","hPa","35.0","pmil","0","55.560","deg","20.000","°C","100.000","%a.s.","22.340","deg","20.000","°C","962.000","hPa","0.861","-0.02617","0.00035","0","0","13.56","Humid","31.50","0","54.10","280701.98","SABD0002000014","AAV2.0.0.13","3.0.1.1413","PSt7-10","180509-029","9/13/2019 10:47:01 AM","0000-00","0","no battery","V"
"08/17/2021","10:15:03","10","default","328281339","OXY_CH10","17.052","min","191.691","μmol/L","Humid","21.167","deg","102124","µV","28.068","°C","1015.000","hPa","35.0","pmil","0","55.560","deg","20.000","°C","100.000","%a.s.","22.340","deg","20.000","°C","962.000","hPa","0.861","-0.02617","0.00035","0","0","13.56","Humid","31.50","0","54.10","280703.40","SABD0002000014","AAV2.0.0.13","3.0.1.1413","PSt7-10","180509-029","9/13/2019 10:47:01 AM","0000-00","0","no battery","V"
"08/17/2021","10:15:04","10","default","328281339","OXY_CH10","17.069","min","191.639","μmol/L","Humid","21.168","deg","102131","µV","28.074","°C","1015.000","hPa","35.0","pmil","0","55.560","deg","20.000","°C","100.000","%a.s.","22.340","deg","20.000","°C","962.000","hPa","0.861","-0.02617","0.00035","0","0","13.56","Humid","31.50","0","54.10","280709.28","SABD0002000014","AAV2.0.0.13","3.0.1.1413","PSt7-10","180509-029","9/13/2019 10:47:01 AM","0000-00","0","no battery","V"
"08/17/2021","10:15:05","10","default","328281339","OXY_CH10","17.085","min","191.673","μmol/L","Humid","21.166","deg","102119","µV","28.074","°C","1015.000","hPa","35.0","pmil","0","55.560","deg","20.000","°C","100.000","%a.s.","22.340","deg","20.000","°C","962.000","hPa","0.861","-0.02617","0.00035","0","0","13.56","Humid","31.50","0","54.10","280713.61","SABD0002000014","AAV2.0.0.13","3.0.1.1413","PSt7-10","180509-029","9/13/2019 10:47:01 AM","0000-00","0","no battery","V"
"08/17/2021","10:15:06","10","default","328281339","OXY_CH10","17.102","min","191.706","μmol/L","Humid","21.164","deg","102115","µV","28.074","°C","1015.000","hPa","35.0","pmil","0","55.560","deg","20.000","°C","100.000","%a.s.","22.340","deg","20.000","°C","962.000","hPa","0.861","-0.02617","0.00035","0","0","13.56","Humid","31.50","0","54.10","280704.10","SABD0002000014","AAV2.0.0.13","3.0.1.1413","PSt7-10","180509-029","9/13/2019 10:47:01 AM","0000-00","0","no battery","V"
"08/17/2021","10:15:07","10","default","328281339","OXY_CH10","17.119","min","191.689","μmol/L","Humid","21.165","deg","102114","µV","28.074","°C","1015.000","hPa","35.0","pmil","0","55.560","deg","20.000","°C","100.000","%a.s.","22.340","deg","20.000","°C","962.000","hPa","0.861","-0.02617","0.00035","0","0","13.56","Humid","31.50","0","54.10","280714.61","SABD0002000014","AAV2.0.0.13","3.0.1.1413","PSt7-10","180509-029","9/13/2019 10:47:01 AM","0000-00","0","no battery","V"
"08/17/2021","10:15:08","10","default","328281339","OXY_CH10","17.135","min","191.689","μmol/L","Humid","21.165","deg","102106","µV","28.074","°C","1015.000","hPa","35.0","pmil","0","55.560","deg","20.000","°C","100.000","%a.s.","22.340","deg","20.000","°C","962.000","hPa","0.861","-0.02617","0.00035","0","0","13.56","Humid","31.50","0","54.10","280711.94","SABD0002000014","AAV2.0.0.13","3.0.1.1413","PSt7-10","180509-029","9/13/2019 10:47:01 AM","0000-00","0","no battery","V"
"08/17/2021","10:15:09","10","default","328281339","OXY_CH10","17.152","min","191.706","μmol/L","Humid","21.164","deg","102105","µV","28.074","°C","1015.000","hPa","35.0","pmil","0","55.560","deg","20.000","°C","100.000","%a.s.","22.340","deg","20.000","°C","962.000","hPa","0.861","-0.02617","0.00035","0","0","13.56","Humid","31.50","0","54.10","280707.29","SABD0002000014","AAV2.0.0.13","3.0.1.1413","PSt7-10","180509-029","9/13/2019 10:47:01 AM","0000-00","0","no battery","V"
"08/17/2021","10:15:10","10","default","328281339","OXY_CH10","17.168","min","191.706","μmol/L","Humid","21.164","deg","102105","µV","28.074","°C","1015.000","hPa","35.0","pmil","0","55.560","deg","20.000","°C","100.000","%a.s.","22.340","deg","20.000","°C","962.000","hPa","0.861","-0.02617","0.00035","0","0","13.56","Humid","31.50","0","54.10","280709.77","SABD0002000014","AAV2.0.0.13","3.0.1.1413","PSt7-10","180509-029","9/13/2019 10:47:01 AM","0000-00","0","no battery","V"
"08/17/2021","10:15:11","10","default","328281339","OXY_CH10","17.185","min","191.740","μmol/L","Humid","21.162","deg","102091","µV","28.074","°C","1015.000","hPa","35.0","pmil","0","55.560","deg","20.000","°C","100.000","%a.s.","22.340","deg","20.000","°C","962.000","hPa","0.861","-0.02617","0.00035","0","0","13.56","Humid","31.50","0","54.10","280700.83","SABD0002000014","AAV2.0.0.13","3.0.1.1413","PSt7-10","180509-029","9/13/2019 10:47:01 AM","0000-00","0","no battery","V"
"08/17/2021","10:15:12","10","default","328281339","OXY_CH10","17.202","min","191.791","μmol/L","Humid","21.159","deg","102092","µV","28.074","°C","1015.000","hPa","35.0","pmil","0","55.560","deg","20.000","°C","100.000","%a.s.","22.340","deg","20.000","°C","962.000","hPa","0.861","-0.02617","0.00035","0","0","13.56","Humid","31.50","0","54.10","280715.74","SABD0002000014","AAV2.0.0.13","3.0.1.1413","PSt7-10","180509-029","9/13/2019 10:47:01 AM","0000-00","0","no battery","V"
"08/17/2021","10:15:13","10","default","328281339","OXY_CH10","17.219","min","191.807","μmol/L","Humid","21.156","deg","102081","µV","28.080","°C","1015.000","hPa","35.0","pmil","0","55.560","deg","20.000","°C","100.000","%a.s.","22.340","deg","20.000","°C","962.000","hPa","0.861","-0.02617","0.00035","0","0","13.56","Humid","31.50","0","54.10","280710.14","SABD0002000014","AAV2.0.0.13","3.0.1.1413","PSt7-10","180509-029","9/13/2019 10:47:01 AM","0000-00","0","no battery","V"
"08/17/2021","10:15:14","10","default","328281339","OXY_CH10","17.235","min","191.740","μmol/L","Humid","21.162","deg","102075","µV","28.074","°C","1015.000","hPa","35.0","pmil","0","55.560","deg","20.000","°C","100.000","%a.s.","22.340","deg","20.000","°C","962.000","hPa","0.861","-0.02617","0.00035","0","0","13.56","Humid","31.50","0","54.10","280702.96","SABD0002000014","AAV2.0.0.13","3.0.1.1413","PSt7-10","180509-029","9/13/2019 10:47:01 AM","0000-00","0","no battery","V"
"08/17/2021","10:15:15","10","default","328281339","OXY_CH10","17.252","min","191.756","μmol/L","Humid","21.159","deg","102080","µV","28.080","°C","1015.000","hPa","35.0","pmil","0","55.560","deg","20.000","°C","100.000","%a.s.","22.340","deg","20.000","°C","962.000","hPa","0.861","-0.02617","0.00035","0","0","13.56","Humid","31.50","0","54.10","280706.16","SABD0002000014","AAV2.0.0.13","3.0.1.1413","PSt7-10","180509-029","9/13/2019 10:47:01 AM","0000-00","0","no battery","V"
"08/17/2021","10:15:16","10","default","328281339","OXY_CH10","17.269","min","191.774","μmol/L","Humid","21.160","deg","102074","µV","28.074","°C","1015.000","hPa","35.0","pmil","0","55.560","deg","20.000","°C","100.000","%a.s.","22.340","deg","20.000","°C","962.000","hPa","0.861","-0.02617","0.00035","0","0","13.56","Humid","31.50","0","54.10","280706.24","SABD0002000014","AAV2.0.0.13","3.0.1.1413","PSt7-10","180509-029","9/13/2019 10:47:01 AM","0000-00","0","no battery","V"
"08/17/2021","10:15:17","10","default","328281339","OXY_CH10","17.286","min","191.825","μmol/L","Humid","21.157","deg","102072","µV","28.074","°C","1015.000","hPa","35.0","pmil","0","55.560","deg","20.000","°C","100.000","%a.s.","22.340","deg","20.000","°C","962.000","hPa","0.861","-0.02617","0.00035","0","0","13.56","Humid","31.50","0","54.10","280705.81","SABD0002000014","AAV2.0.0.13","3.0.1.1413","PSt7-10","180509-029","9/13/2019 10:47:01 AM","0000-00","0","no battery","V"
"08/17/2021","10:15:18","10","default","328281339","OXY_CH10","17.303","min","191.757","μmol/L","Humid","21.161","deg","102068","µV","28.074","°C","1015.000","hPa","35.0","pmil","0","55.560","deg","20.000","°C","100.000","%a.s.","22.340","deg","20.000","°C","962.000","hPa","0.861","-0.02617","0.00035","0","0","13.56","Humid","31.50","0","54.10","280698.98","SABD0002000014","AAV2.0.0.13","3.0.1.1413","PSt7-10","180509-029","9/13/2019 10:47:01 AM","0000-00","0","no battery","V"
"08/17/2021","10:15:19","10","default","328281339","OXY_CH10","17.319","min","191.842","μmol/L","Humid","21.156","deg","102061","µV","28.074","°C","1015.000","hPa","35.0","pmil","0","55.560","deg","20.000","°C","100.000","%a.s.","22.340","deg","20.000","°C","962.000","hPa","0.861","-0.02617","0.00035","0","0","13.56","Humid","31.50","0","54.10","280696.77","SABD0002000014","AAV2.0.0.13","3.0.1.1413","PSt7-10","180509-029","9/13/2019 10:47:01 AM","0000-00","0","no battery","V"
"08/17/2021","10:15:20","10","default","328281339","OXY_CH10","17.335","min","191.807","μmol/L","Humid","21.156","deg","102071","µV","28.080","°C","1015.000","hPa","35.0","pmil","0","55.560","deg","20.000","°C","100.000","%a.s.","22.340","deg","20.000","°C","962.000","hPa","0.861","-0.02617","0.00035","0","0","13.56","Humid","31.50","0","54.10","280697.92","SABD0002000014","AAV2.0.0.13","3.0.1.1413","PSt7-10","180509-029","9/13/2019 10:47:01 AM","0000-00","0","no battery","V"
"08/17/2021","10:15:21","10","default","328281339","OXY_CH10","17.352","min","191.859","μmol/L","Humid","21.155","deg","102059","µV","28.074","°C","1015.000","hPa","35.0","pmil","0","55.560","deg","20.000","°C","100.000","%a.s.","22.340","deg","20.000","°C","962.000","hPa","0.861","-0.02617","0.00035","0","0","13.56","Humid","31.50","0","54.10","280705.37","SABD0002000014","AAV2.0.0.13","3.0.1.1413","PSt7-10","180509-029","9/13/2019 10:47:01 AM","0000-00","0","no battery","V"
"08/17/2021","10:15:22","10","default","328281339","OXY_CH10","17.369","min","191.841","μmol/L","Humid","21.154","deg","102057","µV","28.080","°C","1015.000","hPa","35.0","pmil","0","55.560","deg","20.000","°C","100.000","%a.s.","22.340","deg","20.000","°C","962.000","hPa","0.861","-0.02617","0.00035","0","0","13.56","Humid","31.50","0","54.10","280700.81","SABD0002000014","AAV2.0.0.13","3.0.1.1413","PSt7-10","180509-029","9/13/2019 10:47:01 AM","0000-00","0","no battery","V"
"08/17/2021","10:15:23","10","default","328281339","OXY_CH10","17.385","min","191.876","μmol/L","Humid","21.154","deg","102055","µV","28.074","°C","1015.000","hPa","35.0","pmil","0","55.560","deg","20.000","°C","100.000","%a.s.","22.340","deg","20.000","°C","962.000","hPa","0.861","-0.02617","0.00035","0","0","13.56","Humid","31.50","0","54.10","280698.74","SABD0002000014","AAV2.0.0.13","3.0.1.1413","PSt7-10","180509-029","9/13/2019 10:47:01 AM","0000-00","0","no battery","V"
"08/17/2021","10:15:24","10","default","328281339","OXY_CH10","17.402","min","191.908","μmol/L","Humid","21.150","deg","102051","µV","28.080","°C","1015.000","hPa","35.0","pmil","0","55.560","deg","20.000","°C","100.000","%a.s.","22.340","deg","20.000","°C","962.000","hPa","0.861","-0.02617","0.00035","0","0","13.56","Humid","31.50","0","54.10","280694.55","SABD0002000014","AAV2.0.0.13","3.0.1.1413","PSt7-10","180509-029","9/13/2019 10:47:01 AM","0000-00","0","no battery","V"
"08/17/2021","10:15:25","10","default","328281339","OXY_CH10","17.419","min","191.805","μmol/L","Humid","21.154","deg","102051","µV","28.086","°C","1015.000","hPa","35.0","pmil","0","55.560","deg","20.000","°C","100.000","%a.s.","22.340","deg","20.000","°C","962.000","hPa","0.861","-0.02617","0.00035","0","0","13.56","Humid","31.50","0","54.10","280700.07","SABD0002000014","AAV2.0.0.13","3.0.1.1413","PSt7-10","180509-029","9/13/2019 10:47:01 AM","0000-00","0","no battery","V"
"08/17/2021","10:15:26","10","default","328281339","OXY_CH10","17.435","min","191.942","μmol/L","Humid","21.148","deg","102061","µV","28.080","°C","1015.000","hPa","35.0","pmil","0","55.560","deg","20.000","°C","100.000","%a.s.","22.340","deg","20.000","°C","962.000","hPa","0.861","-0.02617","0.00035","0","0","13.56","Humid","31.50","0","54.10","280705.15","SABD0002000014","AAV2.0.0.13","3.0.1.1413","PSt7-10","180509-029","9/13/2019 10:47:01 AM","0000-00","0","no battery","V"
"08/17/2021","10:15:27","10","default","328281339","OXY_CH10","17.452","min","191.907","μmol/L","Humid","21.148","deg","102066","µV","28.086","°C","1015.000","hPa","35.0","pmil","0","55.560","deg","20.000","°C","100.000","%a.s.","22.340","deg","20.000","°C","962.000","hPa","0.861","-0.02617","0.00035","0","0","13.56","Humid","31.50","0","54.10","280708.89","SABD0002000014","AAV2.0.0.13","3.0.1.1413","PSt7-10","180509-029","9/13/2019 10:47:01 AM","0000-00","0","no battery","V"
"08/17/2021","10:15:28","10","default","328281339","OXY_CH10","17.468","min","191.924","μmol/L","Humid","21.147","deg","102048","µV","28.086","°C","1015.000","hPa","35.0","pmil","0","55.560","deg","20.000","°C","100.000","%a.s.","22.340","deg","20.000","°C","962.000","hPa","0.861","-0.02617","0.00035","0","0","13.56","Humid","31.50","0","54.10","280700.05","SABD0002000014","AAV2.0.0.13","3.0.1.1413","PSt7-10","180509-029","9/13/2019 10:47:01 AM","0000-00","0","no battery","V"
"08/17/2021","10:15:29","10","default","328281339","OXY_CH10","17.485","min","191.874","μmol/L","Humid","21.152","deg","102060","µV","28.080","°C","1015.000","hPa","35.0","pmil","0","55.560","deg","20.000","°C","100.000","%a.s.","22.340","deg","20.000","°C","962.000","hPa","0.861","-0.02617","0.00035","0","0","13.56","Humid","31.50","0","54.10","280690.02","SABD0002000014","AAV2.0.0.13","3.0.1.1413","PSt7-10","180509-029","9/13/2019 10:47:01 AM","0000-00","0","no battery","V"
"08/17/2021","10:15:30","10","default","328281339","OXY_CH10","17.502","min","191.978","μmol/L","Humid","21.148","deg","102059","µV","28.074","°C","1015.000","hPa","35.0","pmil","0","55.560","deg","20.000","°C","100.000","%a.s.","22.340","deg","20.000","°C","962.000","hPa","0.861","-0.02617","0.00035","0","0","13.56","Humid","31.50","0","54.10","280693.05","SABD0002000014","AAV2.0.0.13","3.0.1.1413","PSt7-10","180509-029","9/13/2019 10:47:01 AM","0000-00","0","no battery","V"
"08/17/2021","10:15:31","10","default","328281339","OXY_CH10","17.519","min","191.925","μmol/L","Humid","21.149","deg","102058","µV","28.080","°C","1015.000","hPa","35.0","pmil","0","55.560","deg","20.000","°C","100.000","%a.s.","22.340","deg","20.000","°C","962.000","hPa","0.861","-0.02617","0.00035","0","0","13.56","Humid","31.50","0","54.10","280696.32","SABD0002000014","AAV2.0.0.13","3.0.1.1413","PSt7-10","180509-029","9/13/2019 10:47:01 AM","0000-00","0","no battery","V"
"08/17/2021","10:15:32","10","default","328281339","OXY_CH10","17.535","min","191.890","μmol/L","Humid","21.149","deg","102058","µV","28.086","°C","1015.000","hPa","35.0","pmil","0","55.560","deg","20.000","°C","100.000","%a.s.","22.340","deg","20.000","°C","962.000","hPa","0.861","-0.02617","0.00035","0","0","13.56","Humid","31.50","0","54.10","280699.83","SABD0002000014","AAV2.0.0.13","3.0.1.1413","PSt7-10","180509-029","9/13/2019 10:47:01 AM","0000-00","0","no battery","V"
"08/17/2021","10:15:33","10","default","328281339","OXY_CH10","17.552","min","191.979","μmol/L","Humid","21.150","deg","102052","µV","28.068","°C","1015.000","hPa","35.0","pmil","0","55.560","deg","20.000","°C","100.000","%a.s.","22.340","deg","20.000","°C","962.000","hPa","0.861","-0.02617","0.00035","0","0","13.56","Humid","31.50","0","54.10","280706.97","SABD0002000014","AAV2.0.0.13","3.0.1.1413","PSt7-10","180509-029","9/13/2019 10:47:01 AM","0000-00","0","no battery","V"
"08/17/2021","10:15:34","10","default","328281339","OXY_CH10","17.569","min","192.012","μmol/L","Humid","21.146","deg","102034","µV","28.074","°C","1015.000","hPa","35.0","pmil","0","55.560","deg","20.000","°C","100.000","%a.s.","22.340","deg","20.000","°C","962.000","hPa","0.861","-0.02617","0.00035","0","0","13.56","Humid","31.50","0","54.10","280688.94","SABD0002000014","AAV2.0.0.13","3.0.1.1413","PSt7-10","180509-029","9/13/2019 10:47:01 AM","0000-00","0","no battery","V"
"08/17/2021","10:15:35","10","default","328281339","OXY_CH10","17.585","min","191.959","μmol/L","Humid","21.147","deg","102033","µV","28.080","°C","1015.000","hPa","35.0","pmil","0","55.560","deg","20.000","°C","100.000","%a.s.","22.340","deg","20.000","°C","962.000","hPa","0.861","-0.02617","0.00035","0","0","13.56","Humid","31.50","0","54.10","280707.04","SABD0002000014","AAV2.0.0.13","3.0.1.1413","PSt7-10","180509-029","9/13/2019 10:47:01 AM","0000-00","0","no battery","V"
"08/17/2021","10:15:36","10","default","328281339","OXY_CH10","17.602","min","191.907","μmol/L","Humid","21.148","deg","102027","µV","28.086","°C","1015.000","hPa","35.0","pmil","0","55.560","deg","20.000","°C","100.000","%a.s.","22.340","deg","20.000","°C","962.000","hPa","0.861","-0.02617","0.00035","0","0","13.56","Humid","31.50","0","54.10","280710.03","SABD0002000014","AAV2.0.0.13","3.0.1.1413","PSt7-10","180509-029","9/13/2019 10:47:01 AM","0000-00","0","no battery","V"
"08/17/2021","10:15:37","10","default","328281339","OXY_CH10","17.619","min","192.027","μmol/L","Humid","21.143","deg","102031","µV","28.080","°C","1015.000","hPa","35.0","pmil","0","55.560","deg","20.000","°C","100.000","%a.s.","22.340","deg","20.000","°C","962.000","hPa","0.861","-0.02617","0.00035","0","0","13.56","Humid","31.50","0","54.10","280718.72","SABD0002000014","AAV2.0.0.13","3.0.1.1413","PSt7-10","180509-029","9/13/2019 10:47:01 AM","0000-00","0","no battery","V"
"08/17/2021","10:15:38","10","default","328281339","OXY_CH10","17.635","min","192.009","μmol/L","Humid","21.142","deg","102050","µV","28.086","°C","1015.000","hPa","35.0","pmil","0","55.560","deg","20.000","°C","100.000","%a.s.","22.340","deg","20.000","°C","962.000","hPa","0.861","-0.02617","0.00035","0","0","13.56","Humid","31.50","0","54.10","280711.83","SABD0002000014","AAV2.0.0.13","3.0.1.1413","PSt7-10","180509-029","9/13/2019 10:47:01 AM","0000-00","0","no battery","V"
"08/17/2021","10:15:39","10","default","328281339","OXY_CH10","17.652","min","192.009","μmol/L","Humid","21.142","deg","102061","µV","28.086","°C","1015.000","hPa","35.0","pmil","0","55.560","deg","20.000","°C","100.000","%a.s.","22.340","deg","20.000","°C","962.000","hPa","0.861","-0.02617","0.00035","0","0","13.56","Humid","31.50","0","54.10","280711.52","SABD0002000014","AAV2.0.0.13","3.0.1.1413","PSt7-10","180509-029","9/13/2019 10:47:01 AM","0000-00","0","no battery","V"
"08/17/2021","10:15:40","10","default","328281339","OXY_CH10","17.669","min","192.010","μmol/L","Humid","21.144","deg","102058","µV","28.080","°C","1015.000","hPa","35.0","pmil","0","55.560","deg","20.000","°C","100.000","%a.s.","22.340","deg","20.000","°C","962.000","hPa","0.861","-0.02617","0.00035","0","0","13.56","Humid","31.50","0","54.10","280710.06","SABD0002000014","AAV2.0.0.13","3.0.1.1413","PSt7-10","180509-029","9/13/2019 10:47:01 AM","0000-00","0","no battery","V"
"08/17/2021","10:15:41","10","default","328281339","OXY_CH10","17.685","min","192.009","μmol/L","Humid","21.142","deg","102059","µV","28.086","°C","1015.000","hPa","35.0","pmil","0","55.560","deg","20.000","°C","100.000","%a.s.","22.340","deg","20.000","°C","962.000","hPa","0.861","-0.02617","0.00035","0","0","13.56","Humid","31.50","0","54.10","280697.66","SABD0002000014","AAV2.0.0.13","3.0.1.1413","PSt7-10","180509-029","9/13/2019 10:47:01 AM","0000-00","0","no battery","V"
"08/17/2021","10:15:42","10","default","328281339","OXY_CH10","17.702","min","192.007","μmol/L","Humid","21.140","deg","102051","µV","28.093","°C","1015.000","hPa","35.0","pmil","0","55.560","deg","20.000","°C","100.000","%a.s.","22.340","deg","20.000","°C","962.000","hPa","0.861","-0.02617","0.00035","0","0","13.56","Humid","31.50","0","54.10","280700.81","SABD0002000014","AAV2.0.0.13","3.0.1.1413","PSt7-10","180509-029","9/13/2019 10:47:01 AM","0000-00","0","no battery","V"
"08/17/2021","10:15:43","10","default","328281339","OXY_CH10","17.719","min","192.163","μmol/L","Humid","21.135","deg","102046","µV","28.080","°C","1015.000","hPa","35.0","pmil","0","55.560","deg","20.000","°C","100.000","%a.s.","22.340","deg","20.000","°C","962.000","hPa","0.861","-0.02617","0.00035","0","0","13.56","Humid","31.50","0","54.10","280702.51","SABD0002000014","AAV2.0.0.13","3.0.1.1413","PSt7-10","180509-029","9/13/2019 10:47:01 AM","0000-00","0","no battery","V"
"08/17/2021","10:15:44","10","default","328281339","OXY_CH10","17.736","min","192.111","μmol/L","Humid","21.136","deg","102039","µV","28.086","°C","1015.000","hPa","35.0","pmil","0","55.560","deg","20.000","°C","100.000","%a.s.","22.340","deg","20.000","°C","962.000","hPa","0.861","-0.02617","0.00035","0","0","13.56","Humid","31.50","0","54.10","280695.76","SABD0002000014","AAV2.0.0.13","3.0.1.1413","PSt7-10","180509-029","9/13/2019 10:47:01 AM","0000-00","0","no battery","V"
"08/17/2021","10:15:45","10","default","328281339","OXY_CH10","17.752","min","192.163","μmol/L","Humid","21.135","deg","102025","µV","28.080","°C","1015.000","hPa","35.0","pmil","0","55.560","deg","20.000","°C","100.000","%a.s.","22.340","deg","20.000","°C","962.000","hPa","0.861","-0.02617","0.00035","0","0","13.56","Humid","31.50","0","54.10","280696.23","SABD0002000014","AAV2.0.0.13","3.0.1.1413","PSt7-10","180509-029","9/13/2019 10:47:01 AM","0000-00","0","no battery","V"
"08/17/2021","10:15:46","10","default","328281339","OXY_CH10","17.769","min","192.060","μmol/L","Humid","21.139","deg","102022","µV","28.086","°C","1015.000","hPa","35.0","pmil","0","55.560","deg","20.000","°C","100.000","%a.s.","22.340","deg","20.000","°C","962.000","hPa","0.861","-0.02617","0.00035","0","0","13.56","Humid","31.50","0","54.10","280706.63","SABD0002000014","AAV2.0.0.13","3.0.1.1413","PSt7-10","180509-029","9/13/2019 10:47:01 AM","0000-00","0","no battery","V"
"08/17/2021","10:15:47","10","default","328281339","OXY_CH10","17.785","min","192.213","μmol/L","Humid","21.130","deg","102022","µV","28.086","°C","1015.000","hPa","35.0","pmil","0","55.560","deg","20.000","°C","100.000","%a.s.","22.340","deg","20.000","°C","962.000","hPa","0.861","-0.02617","0.00035","0","0","13.56","Humid","31.50","0","54.10","280715.57","SABD0002000014","AAV2.0.0.13","3.0.1.1413","PSt7-10","180509-029","9/13/2019 10:47:01 AM","0000-00","0","no battery","V"
"08/17/2021","10:15:48","10","default","328281339","OXY_CH10","17.802","min","192.040","μmol/L","Humid","21.136","deg","102023","µV","28.099","°C","1015.000","hPa","35.0","pmil","0","55.560","deg","20.000","°C","100.000","%a.s.","22.340","deg","20.000","°C","962.000","hPa","0.861","-0.02617","0.00035","0","0","13.56","Humid","31.50","0","54.10","280713.89","SABD0002000014","AAV2.0.0.13","3.0.1.1413","PSt7-10","180509-029","9/13/2019 10:47:01 AM","0000-00","0","no battery","V"
"08/17/2021","10:15:49","10","default","328281339","OXY_CH10","17.819","min","192.092","μmol/L","Humid","21.135","deg","102022","µV","28.093","°C","1015.000","hPa","35.0","pmil","0","55.560","deg","20.000","°C","100.000","%a.s.","22.340","deg","20.000","°C","962.000","hPa","0.861","-0.02617","0.00035","0","0","13.56","Humid","31.50","0","54.10","280713.51","SABD0002000014","AAV2.0.0.13","3.0.1.1413","PSt7-10","180509-029","9/13/2019 10:47:01 AM","0000-00","0","no battery","V"
"08/17/2021","10:15:50","10","default","328281339","OXY_CH10","17.835","min","192.111","μmol/L","Humid","21.136","deg","102011","µV","28.086","°C","1015.000","hPa","35.0","pmil","0","55.560","deg","20.000","°C","100.000","%a.s.","22.340","deg","20.000","°C","962.000","hPa","0.861","-0.02617","0.00035","0","0","13.56","Humid","31.50","0","54.10","280703.41","SABD0002000014","AAV2.0.0.13","3.0.1.1413","PSt7-10","180509-029","9/13/2019 10:47:01 AM","0000-00","0","no battery","V"
"08/17/2021","10:15:51","10","default","328281339","OXY_CH10","17.852","min","192.179","μmol/L","Humid","21.132","deg","102010","µV","28.086","°C","1015.000","hPa","35.0","pmil","0","55.560","deg","20.000","°C","100.000","%a.s.","22.340","deg","20.000","°C","962.000","hPa","0.861","-0.02617","0.00035","0","0","13.56","Humid","31.50","0","54.10","280710.14","SABD0002000014","AAV2.0.0.13","3.0.1.1413","PSt7-10","180509-029","9/13/2019 10:47:01 AM","0000-00","0","no battery","V"
"08/17/2021","10:15:52","10","default","328281339","OXY_CH10","17.869","min","192.126","μmol/L","Humid","21.133","deg","102007","µV","28.093","°C","1015.000","hPa","35.0","pmil","0","55.560","deg","20.000","°C","100.000","%a.s.","22.340","deg","20.000","°C","962.000","hPa","0.861","-0.02617","0.00035","0","0","13.56","Humid","31.50","0","54.10","280722.86","SABD0002000014","AAV2.0.0.13","3.0.1.1413","PSt7-10","180509-029","9/13/2019 10:47:01 AM","0000-00","0","no battery","V"
"08/17/2021","10:15:53","10","default","328281339","OXY_CH10","17.885","min","192.145","μmol/L","Humid","21.134","deg","102002","µV","28.086","°C","1015.000","hPa","35.0","pmil","0","55.560","deg","20.000","°C","100.000","%a.s.","22.340","deg","20.000","°C","962.000","hPa","0.861","-0.02617","0.00035","0","0","13.56","Humid","31.50","0","54.10","280705.16","SABD0002000014","AAV2.0.0.13","3.0.1.1413","PSt7-10","180509-029","9/13/2019 10:47:01 AM","0000-00","0","no battery","V"
"08/17/2021","10:15:54","10","default","328281339","OXY_CH10","17.902","min","192.177","μmol/L","Humid","21.130","deg","102003","µV","28.093","°C","1015.000","hPa","35.0","pmil","0","55.560","deg","20.000","°C","100.000","%a.s.","22.340","deg","20.000","°C","962.000","hPa","0.861","-0.02617","0.00035","0","0","13.56","Humid","31.50","0","54.10","280716.44","SABD0002000014","AAV2.0.0.13","3.0.1.1413","PSt7-10","180509-029","9/13/2019 10:47:01 AM","0000-00","0","no battery","V"
"08/17/2021","10:15:55","10","default","328281339","OXY_CH10","17.919","min","192.179","μmol/L","Humid","21.132","deg","101991","µV","28.086","°C","1015.000","hPa","35.0","pmil","0","55.560","deg","20.000","°C","100.000","%a.s.","22.340","deg","20.000","°C","962.000","hPa","0.861","-0.02617","0.00035","0","0","13.56","Humid","31.50","0","54.10","280700.43","SABD0002000014","AAV2.0.0.13","3.0.1.1413","PSt7-10","180509-029","9/13/2019 10:47:01 AM","0000-00","0","no battery","V"
"08/17/2021","10:15:56","10","default","328281339","OXY_CH10","17.936","min","192.196","μmol/L","Humid","21.131","deg","102000","µV","28.086","°C","1015.000","hPa","35.0","pmil","0","55.560","deg","20.000","°C","100.000","%a.s.","22.340","deg","20.000","°C","962.000","hPa","0.861","-0.02617","0.00035","0","0","13.56","Humid","31.50","0","54.10","280706.89","SABD0002000014","AAV2.0.0.13","3.0.1.1413","PSt7-10","180509-029","9/13/2019 10:47:01 AM","0000-00","0","no battery","V"
"08/17/2021","10:15:57","10","default","328281339","OXY_CH10","17.953","min","192.109","μmol/L","Humid","21.134","deg","101993","µV","28.093","°C","1015.000","hPa","35.0","pmil","0","55.560","deg","20.000","°C","100.000","%a.s.","22.340","deg","20.000","°C","962.000","hPa","0.861","-0.02617","0.00035","0","0","13.56","Humid","31.50","0","54.10","280713.31","SABD0002000014","AAV2.0.0.13","3.0.1.1413","PSt7-10","180509-029","9/13/2019 10:47:01 AM","0000-00","0","no battery","V"
"08/17/2021","10:15:58","10","default","328281339","OXY_CH10","17.969","min","192.179","μmol/L","Humid","21.132","deg","101992","µV","28.086","°C","1015.000","hPa","35.0","pmil","0","55.560","deg","20.000","°C","100.000","%a.s.","22.340","deg","20.000","°C","962.000","hPa","0.861","-0.02617","0.00035","0","0","13.56","Humid","31.50","0","54.10","280697.66","SABD0002000014","AAV2.0.0.13","3.0.1.1413","PSt7-10","180509-029","9/13/2019 10:47:01 AM","0000-00","0","no battery","V"
"08/17/2021","10:15:59","10","default","328281339","OXY_CH10","17.985","min","192.177","μmol/L","Humid","21.130","deg","101984","µV","28.093","°C","1015.000","hPa","35.0","pmil","0","55.560","deg","20.000","°C","100.000","%a.s.","22.340","deg","20.000","°C","962.000","hPa","0.861","-0.02617","0.00035","0","0","13.56","Humid","31.50","0","54.10","280707.52","SABD0002000014","AAV2.0.0.13","3.0.1.1413","PSt7-10","180509-029","9/13/2019 10:47:01 AM","0000-00","0","no battery","V"
"08/17/2021","10:16:00","10","default","328281339","OXY_CH10","18.003","min","192.213","μmol/L","Humid","21.130","deg","101992","µV","28.086","°C","1015.000","hPa","35.0","pmil","0","55.560","deg","20.000","°C","100.000","%a.s.","22.340","deg","20.000","°C","962.000","hPa","0.861","-0.02617","0.00035","0","0","13.56","Humid","31.50","0","54.10","280699.51","SABD0002000014","AAV2.0.0.13","3.0.1.1413","PSt7-10","180509-029","9/13/2019 10:47:01 AM","0000-00","0","no battery","V"
"08/17/2021","10:16:01","10","default","328281339","OXY_CH10","18.019","min","192.247","μmol/L","Humid","21.128","deg","101979","µV","28.086","°C","1015.000","hPa","35.0","pmil","0","55.560","deg","20.000","°C","100.000","%a.s.","22.340","deg","20.000","°C","962.000","hPa","0.861","-0.02617","0.00035","0","0","13.56","Humid","31.50","0","54.10","280703.28","SABD0002000014","AAV2.0.0.13","3.0.1.1413","PSt7-10","180509-029","9/13/2019 10:47:01 AM","0000-00","0","no battery","V"
"08/17/2021","10:16:02","10","default","328281339","OXY_CH10","18.036","min","192.247","μmol/L","Humid","21.128","deg","101981","µV","28.086","°C","1015.000","hPa","35.0","pmil","0","55.560","deg","20.000","°C","100.000","%a.s.","22.340","deg","20.000","°C","962.000","hPa","0.861","-0.02617","0.00035","0","0","13.56","Humid","31.50","0","54.10","280696.91","SABD0002000014","AAV2.0.0.13","3.0.1.1413","PSt7-10","180509-029","9/13/2019 10:47:01 AM","0000-00","0","no battery","V"
"08/17/2021","10:16:03","10","default","328281339","OXY_CH10","18.052","min","192.281","μmol/L","Humid","21.126","deg","101990","µV","28.086","°C","1015.000","hPa","35.0","pmil","0","55.560","deg","20.000","°C","100.000","%a.s.","22.340","deg","20.000","°C","962.000","hPa","0.861","-0.02617","0.00035","0","0","13.56","Humid","31.50","0","54.10","280711.23","SABD0002000014","AAV2.0.0.13","3.0.1.1413","PSt7-10","180509-029","9/13/2019 10:47:01 AM","0000-00","0","no battery","V"
"08/17/2021","10:16:04","10","default","328281339","OXY_CH10","18.069","min","192.194","μmol/L","Humid","21.129","deg","101981","µV","28.093","°C","1015.000","hPa","35.0","pmil","0","55.560","deg","20.000","°C","100.000","%a.s.","22.340","deg","20.000","°C","962.000","hPa","0.861","-0.02617","0.00035","0","0","13.56","Humid","31.50","0","54.10","280709.71","SABD0002000014","AAV2.0.0.13","3.0.1.1413","PSt7-10","180509-029","9/13/2019 10:47:01 AM","0000-00","0","no battery","V"
"08/17/2021","10:16:05","10","default","328281339","OXY_CH10","18.086","min","192.264","μmol/L","Humid","21.127","deg","101979","µV","28.086","°C","1015.000","hPa","35.0","pmil","0","55.560","deg","20.000","°C","100.000","%a.s.","22.340","deg","20.000","°C","962.000","hPa","0.861","-0.02617","0.00035","0","0","13.56","Humid","31.50","0","54.10","280710.56","SABD0002000014","AAV2.0.0.13","3.0.1.1413","PSt7-10","180509-029","9/13/2019 10:47:01 AM","0000-00","0","no battery","V"
"08/17/2021","10:16:06","10","default","328281339","OXY_CH10","18.102","min","192.296","μmol/L","Humid","21.123","deg","101973","µV","28.093","°C","1015.000","hPa","35.0","pmil","0","55.560","deg","20.000","°C","100.000","%a.s.","22.340","deg","20.000","°C","962.000","hPa","0.861","-0.02617","0.00035","0","0","13.56","Humid","31.50","0","54.10","280698.16","SABD0002000014","AAV2.0.0.13","3.0.1.1413","PSt7-10","180509-029","9/13/2019 10:47:01 AM","0000-00","0","no battery","V"
"08/17/2021","10:16:07","10","default","328281339","OXY_CH10","18.118","min","192.315","μmol/L","Humid","21.124","deg","101973","µV","28.086","°C","1015.000","hPa","35.0","pmil","0","55.560","deg","20.000","°C","100.000","%a.s.","22.340","deg","20.000","°C","962.000","hPa","0.861","-0.02617","0.00035","0","0","13.56","Humid","31.50","0","54.10","280704.16","SABD0002000014","AAV2.0.0.13","3.0.1.1413","PSt7-10","180509-029","9/13/2019 10:47:01 AM","0000-00","0","no battery","V"
"08/17/2021","10:16:08","10","default","328281339","OXY_CH10","18.135","min","192.315","μmol/L","Humid","21.124","deg","101980","µV","28.086","°C","1015.000","hPa","35.0","pmil","0","55.560","deg","20.000","°C","100.000","%a.s.","22.340","deg","20.000","°C","962.000","hPa","0.861","-0.02617","0.00035","0","0","13.56","Humid","31.50","0","54.10","280702.95","SABD0002000014","AAV2.0.0.13","3.0.1.1413","PSt7-10","180509-029","9/13/2019 10:47:01 AM","0000-00","0","no battery","V"
"08/17/2021","10:16:09","10","default","328281339","OXY_CH10","18.152","min","192.279","μmol/L","Humid","21.124","deg","101987","µV","28.093","°C","1015.000","hPa","35.0","pmil","0","55.560","deg","20.000","°C","100.000","%a.s.","22.340","deg","20.000","°C","962.000","hPa","0.861","-0.02617","0.00035","0","0","13.56","Humid","31.50","0","54.10","280706.47","SABD0002000014","AAV2.0.0.13","3.0.1.1413","PSt7-10","180509-029","9/13/2019 10:47:01 AM","0000-00","0","no battery","V"
"08/17/2021","10:16:10","10","default","328281339","OXY_CH10","18.168","min","192.364","μmol/L","Humid","21.119","deg","101985","µV","28.093","°C","1015.000","hPa","35.0","pmil","0","55.560","deg","20.000","°C","100.000","%a.s.","22.340","deg","20.000","°C","962.000","hPa","0.861","-0.02617","0.00035","0","0","13.56","Humid","31.50","0","54.10","280713.11","SABD0002000014","AAV2.0.0.13","3.0.1.1413","PSt7-10","180509-029","9/13/2019 10:47:01 AM","0000-00","0","no battery","V"
"08/17/2021","10:16:11","10","default","328281339","OXY_CH10","18.185","min","192.315","μmol/L","Humid","21.124","deg","101973","µV","28.086","°C","1015.000","hPa","35.0","pmil","0","55.560","deg","20.000","°C","100.000","%a.s.","22.340","deg","20.000","°C","962.000","hPa","0.861","-0.02617","0.00035","0","0","13.56","Humid","31.50","0","54.10","280713.68","SABD0002000014","AAV2.0.0.13","3.0.1.1413","PSt7-10","180509-029","9/13/2019 10:47:01 AM","0000-00","0","no battery","V"
"08/17/2021","10:16:12","10","default","328281339","OXY_CH10","18.202","min","192.313","μmol/L","Humid","21.122","deg","101976","µV","28.093","°C","1015.000","hPa","35.0","pmil","0","55.560","deg","20.000","°C","100.000","%a.s.","22.340","deg","20.000","°C","962.000","hPa","0.861","-0.02617","0.00035","0","0","13.56","Humid","31.50","0","54.10","280718.36","SABD0002000014","AAV2.0.0.13","3.0.1.1413","PSt7-10","180509-029","9/13/2019 10:47:01 AM","0000-00","0","no battery","V"
"08/17/2021","10:16:13","10","default","328281339","OXY_CH10","18.219","min","192.330","μmol/L","Humid","21.121","deg","101961","µV","28.093","°C","1015.000","hPa","35.0","pmil","0","55.560","deg","20.000","°C","100.000","%a.s.","22.340","deg","20.000","°C","962.000","hPa","0.861","-0.02617","0.00035","0","0","13.56","Humid","31.50","0","54.10","280705.11","SABD0002000014","AAV2.0.0.13","3.0.1.1413","PSt7-10","180509-029","9/13/2019 10:47:01 AM","0000-00","0","no battery","V"
"08/17/2021","10:16:14","10","default","328281339","OXY_CH10","18.236","min","192.296","μmol/L","Humid","21.123","deg","101931","µV","28.093","°C","1015.000","hPa","35.0","pmil","0","55.560","deg","20.000","°C","100.000","%a.s.","22.340","deg","20.000","°C","962.000","hPa","0.861","-0.02617","0.00035","0","0","13.56","Humid","31.50","0","54.10","280711.62","SABD0002000014","AAV2.0.0.13","3.0.1.1413","PSt7-10","180509-029","9/13/2019 10:47:01 AM","0000-00","0","no battery","V"
"08/17/2021","10:16:15","10","default","328281339","OXY_CH10","18.253","min","192.313","μmol/L","Humid","21.122","deg","101931","µV","28.093","°C","1015.000","hPa","35.0","pmil","0","55.560","deg","20.000","°C","100.000","%a.s.","22.340","deg","20.000","°C","962.000","hPa","0.861","-0.02617","0.00035","0","0","13.56","Humid","31.50","0","54.10","280714.19","SABD0002000014","AAV2.0.0.13","3.0.1.1413","PSt7-10","180509-029","9/13/2019 10:47:01 AM","0000-00","0","no battery","V"
"08/17/2021","10:16:16","10","default","328281339","OXY_CH10","18.269","min","192.432","μmol/L","Humid","21.115","deg","101935","µV","28.093","°C","1015.000","hPa","35.0","pmil","0","55.560","deg","20.000","°C","100.000","%a.s.","22.340","deg","20.000","°C","962.000","hPa","0.861","-0.02617","0.00035","0","0","13.56","Humid","31.50","0","54.10","280698.87","SABD0002000014","AAV2.0.0.13","3.0.1.1413","PSt7-10","180509-029","9/13/2019 10:47:01 AM","0000-00","0","no battery","V"
"08/17/2021","10:16:17","10","default","328281339","OXY_CH10","18.286","min","192.381","μmol/L","Humid","21.118","deg","101927","µV","28.093","°C","1015.000","hPa","35.0","pmil","0","55.560","deg","20.000","°C","100.000","%a.s.","22.340","deg","20.000","°C","962.000","hPa","0.861","-0.02617","0.00035","0","0","13.56","Humid","31.50","0","54.10","280697.80","SABD0002000014","AAV2.0.0.13","3.0.1.1413","PSt7-10","180509-029","9/13/2019 10:47:01 AM","0000-00","0","no battery","V"
"08/17/2021","10:16:18","10","default","328281339","OXY_CH10","18.302","min","192.434","μmol/L","Humid","21.117","deg","101924","µV","28.086","°C","1015.000","hPa","35.0","pmil","0","55.560","deg","20.000","°C","100.000","%a.s.","22.340","deg","20.000","°C","962.000","hPa","0.861","-0.02617","0.00035","0","0","13.56","Humid","31.50","0","54.10","280704.16","SABD0002000014","AAV2.0.0.13","3.0.1.1413","PSt7-10","180509-029","9/13/2019 10:47:01 AM","0000-00","0","no battery","V"
"08/17/2021","10:16:19","10","default","328281339","OXY_CH10","18.319","min","192.452","μmol/L","Humid","21.118","deg","101924","µV","28.080","°C","1015.000","hPa","35.0","pmil","0","55.560","deg","20.000","°C","100.000","%a.s.","22.340","deg","20.000","°C","962.000","hPa","0.861","-0.02617","0.00035","0","0","13.56","Humid","31.50","0","54.10","280705.51","SABD0002000014","AAV2.0.0.13","3.0.1.1413","PSt7-10","180509-029","9/13/2019 10:47:01 AM","0000-00","0","no battery","V"
"08/17/2021","10:16:20","10","default","328281339","OXY_CH10","18.335","min","192.398","μmol/L","Humid","21.117","deg","101912","µV","28.093","°C","1015.000","hPa","35.0","pmil","0","55.560","deg","20.000","°C","100.000","%a.s.","22.340","deg","20.000","°C","962.000","hPa","0.861","-0.02617","0.00035","0","0","13.56","Humid","31.50","0","54.10","280707.39","SABD0002000014","AAV2.0.0.13","3.0.1.1413","PSt7-10","180509-029","9/13/2019 10:47:01 AM","0000-00","0","no battery","V"
"08/17/2021","10:16:21","10","default","328281339","OXY_CH10","18.352","min","192.432","μmol/L","Humid","21.115","deg","101913","µV","28.093","°C","1015.000","hPa","35.0","pmil","0","55.560","deg","20.000","°C","100.000","%a.s.","22.340","deg","20.000","°C","962.000","hPa","0.861","-0.02617","0.00035","0","0","13.56","Humid","31.50","0","54.10","280710.10","SABD0002000014","AAV2.0.0.13","3.0.1.1413","PSt7-10","180509-029","9/13/2019 10:47:01 AM","0000-00","0","no battery","V"
"08/17/2021","10:16:22","10","default","328281339","OXY_CH10","18.368","min","192.449","μmol/L","Humid","21.114","deg","101896","µV","28.093","°C","1015.000","hPa","35.0","pmil","0","55.560","deg","20.000","°C","100.000","%a.s.","22.340","deg","20.000","°C","962.000","hPa","0.861","-0.02617","0.00035","0","0","13.56","Humid","31.50","0","54.10","280706.96","SABD0002000014","AAV2.0.0.13","3.0.1.1413","PSt7-10","180509-029","9/13/2019 10:47:01 AM","0000-00","0","no battery","V"
"08/17/2021","10:16:23","10","default","328281339","OXY_CH10","18.386","min","192.415","μmol/L","Humid","21.116","deg","101906","µV","28.093","°C","1015.000","hPa","35.0","pmil","0","55.560","deg","20.000","°C","100.000","%a.s.","22.340","deg","20.000","°C","962.000","hPa","0.861","-0.02617","0.00035","0","0","13.56","Humid","31.50","0","54.10","280705.90","SABD0002000014","AAV2.0.0.13","3.0.1.1413","PSt7-10","180509-029","9/13/2019 10:47:01 AM","0000-00","0","no battery","V"
"08/17/2021","10:16:24","10","default","328281339","OXY_CH10","18.402","min","192.415","μmol/L","Humid","21.116","deg","101889","µV","28.093","°C","1015.000","hPa","35.0","pmil","0","55.560","deg","20.000","°C","100.000","%a.s.","22.340","deg","20.000","°C","962.000","hPa","0.861","-0.02617","0.00035","0","0","13.56","Humid","31.50","0","54.10","280709.91","SABD0002000014","AAV2.0.0.13","3.0.1.1413","PSt7-10","180509-029","9/13/2019 10:47:01 AM","0000-00","0","no battery","V"
"08/17/2021","10:16:25","10","default","328281339","OXY_CH10","18.419","min","192.536","μmol/L","Humid","21.111","deg","101892","µV","28.086","°C","1015.000","hPa","35.0","pmil","0","55.560","deg","20.000","°C","100.000","%a.s.","22.340","deg","20.000","°C","962.000","hPa","0.861","-0.02617","0.00035","0","0","13.56","Humid","31.50","0","54.10","280711.27","SABD0002000014","AAV2.0.0.13","3.0.1.1413","PSt7-10","180509-029","9/13/2019 10:47:01 AM","0000-00","0","no battery","V"
"08/17/2021","10:16:26","10","default","328281339","OXY_CH10","18.435","min","192.380","μmol/L","Humid","21.116","deg","101893","µV","28.099","°C","1015.000","hPa","35.0","pmil","0","55.560","deg","20.000","°C","100.000","%a.s.","22.340","deg","20.000","°C","962.000","hPa","0.861","-0.02617","0.00035","0","0","13.56","Humid","31.50","0","54.10","280713.15","SABD0002000014","AAV2.0.0.13","3.0.1.1413","PSt7-10","180509-029","9/13/2019 10:47:01 AM","0000-00","0","no battery","V"
"08/17/2021","10:16:27","10","default","328281339","OXY_CH10","18.452","min","192.448","μmol/L","Humid","21.112","deg","101890","µV","28.099","°C","1015.000","hPa","35.0","pmil","0","55.560","deg","20.000","°C","100.000","%a.s.","22.340","deg","20.000","°C","962.000","hPa","0.861","-0.02617","0.00035","0","0","13.56","Humid","31.50","0","54.10","280717.76","SABD0002000014","AAV2.0.0.13","3.0.1.1413","PSt7-10","180509-029","9/13/2019 10:47:01 AM","0000-00","0","no battery","V"
"08/17/2021","10:16:28","10","default","328281339","OXY_CH10","18.468","min","192.449","μmol/L","Humid","21.114","deg","101888","µV","28.093","°C","1015.000","hPa","35.0","pmil","0","55.560","deg","20.000","°C","100.000","%a.s.","22.340","deg","20.000","°C","962.000","hPa","0.861","-0.02617","0.00035","0","0","13.56","Humid","31.50","0","54.10","280711.27","SABD0002000014","AAV2.0.0.13","3.0.1.1413","PSt7-10","180509-029","9/13/2019 10:47:01 AM","0000-00","0","no battery","V"
"08/17/2021","10:16:29","10","default","328281339","OXY_CH10","18.485","min","192.448","μmol/L","Humid","21.112","deg","101881","µV","28.099","°C","1015.000","hPa","35.0","pmil","0","55.560","deg","20.000","°C","100.000","%a.s.","22.340","deg","20.000","°C","962.000","hPa","0.861","-0.02617","0.00035","0","0","13.56","Humid","31.50","0","54.10","280708.29","SABD0002000014","AAV2.0.0.13","3.0.1.1413","PSt7-10","180509-029","9/13/2019 10:47:01 AM","0000-00","0","no battery","V"
"08/17/2021","10:16:30","10","default","328281339","OXY_CH10","18.502","min","192.570","μmol/L","Humid","21.109","deg","101874","µV","28.086","°C","1015.000","hPa","35.0","pmil","0","55.560","deg","20.000","°C","100.000","%a.s.","22.340","deg","20.000","°C","962.000","hPa","0.861","-0.02617","0.00035","0","0","13.56","Humid","31.50","0","54.10","280717.84","SABD0002000014","AAV2.0.0.13","3.0.1.1413","PSt7-10","180509-029","9/13/2019 10:47:01 AM","0000-00","0","no battery","V"
"08/17/2021","10:16:31","10","default","328281339","OXY_CH10","18.518","min","192.499","μmol/L","Humid","21.109","deg","101874","µV","28.099","°C","1015.000","hPa","35.0","pmil","0","55.560","deg","20.000","°C","100.000","%a.s.","22.340","deg","20.000","°C","962.000","hPa","0.861","-0.02617","0.00035","0","0","13.56","Humid","31.50","0","54.10","280709.97","SABD0002000014","AAV2.0.0.13","3.0.1.1413","PSt7-10","180509-029","9/13/2019 10:47:01 AM","0000-00","0","no battery","V"
"08/17/2021","10:16:32","10","default","328281339","OXY_CH10","18.535","min","192.499","μmol/L","Humid","21.109","deg","101876","µV","28.099","°C","1015.000","hPa","35.0","pmil","0","55.560","deg","20.000","°C","100.000","%a.s.","22.340","deg","20.000","°C","962.000","hPa","0.861","-0.02617","0.00035","0","0","13.56","Humid","31.50","0","54.10","280704.75","SABD0002000014","AAV2.0.0.13","3.0.1.1413","PSt7-10","180509-029","9/13/2019 10:47:01 AM","0000-00","0","no battery","V"
"08/17/2021","10:16:33","10","default","328281339","OXY_CH10","18.552","min","192.568","μmol/L","Humid","21.107","deg","101874","µV","28.093","°C","1015.000","hPa","35.0","pmil","0","55.560","deg","20.000","°C","100.000","%a.s.","22.340","deg","20.000","°C","962.000","hPa","0.861","-0.02617","0.00035","0","0","13.56","Humid","31.50","0","54.10","280697.23","SABD0002000014","AAV2.0.0.13","3.0.1.1413","PSt7-10","180509-029","9/13/2019 10:47:01 AM","0000-00","0","no battery","V"
"08/17/2021","10:16:34","10","default","328281339","OXY_CH10","18.568","min","192.567","μmol/L","Humid","21.105","deg","101858","µV","28.099","°C","1015.000","hPa","35.0","pmil","0","55.560","deg","20.000","°C","100.000","%a.s.","22.340","deg","20.000","°C","962.000","hPa","0.861","-0.02617","0.00035","0","0","13.56","Humid","31.50","0","54.10","280711.03","SABD0002000014","AAV2.0.0.13","3.0.1.1413","PSt7-10","180509-029","9/13/2019 10:47:01 AM","0000-00","0","no battery","V"
"08/17/2021","10:16:35","10","default","328281339","OXY_CH10","18.586","min","192.637","μmol/L","Humid","21.103","deg","101859","µV","28.093","°C","1015.000","hPa","35.0","pmil","0","55.560","deg","20.000","°C","100.000","%a.s.","22.340","deg","20.000","°C","962.000","hPa","0.861","-0.02617","0.00035","0","0","13.56","Humid","31.50","0","54.10","280701.37","SABD0002000014","AAV2.0.0.13","3.0.1.1413","PSt7-10","180509-029","9/13/2019 10:47:01 AM","0000-00","0","no battery","V"
"08/17/2021","10:16:36","10","default","328281339","OXY_CH10","18.602","min","192.584","μmol/L","Humid","21.104","deg","101843","µV","28.099","°C","1015.000","hPa","35.0","pmil","0","55.560","deg","20.000","°C","100.000","%a.s.","22.340","deg","20.000","°C","962.000","hPa","0.861","-0.02617","0.00035","0","0","13.56","Humid","31.50","0","54.10","280709.14","SABD0002000014","AAV2.0.0.13","3.0.1.1413","PSt7-10","180509-029","9/13/2019 10:47:01 AM","0000-00","0","no battery","V"
"08/17/2021","10:16:37","10","default","328281339","OXY_CH10","18.619","min","192.637","μmol/L","Humid","21.103","deg","101847","µV","28.093","°C","1015.000","hPa","35.0","pmil","0","55.560","deg","20.000","°C","100.000","%a.s.","22.340","deg","20.000","°C","962.000","hPa","0.861","-0.02617","0.00035","0","0","13.56","Humid","31.50","0","54.10","280706.15","SABD0002000014","AAV2.0.0.13","3.0.1.1413","PSt7-10","180509-029","9/13/2019 10:47:01 AM","0000-00","0","no battery","V"
"08/17/2021","10:16:38","10","default","328281339","OXY_CH10","18.635","min","192.583","μmol/L","Humid","21.102","deg","101851","µV","28.105","°C","1015.000","hPa","35.0","pmil","0","55.560","deg","20.000","°C","100.000","%a.s.","22.340","deg","20.000","°C","962.000","hPa","0.861","-0.02617","0.00035","0","0","13.56","Humid","31.50","0","54.10","280722.17","SABD0002000014","AAV2.0.0.13","3.0.1.1413","PSt7-10","180509-029","9/13/2019 10:47:01 AM","0000-00","0","no battery","V"
"08/17/2021","10:16:39","10","default","328281339","OXY_CH10","18.652","min","192.654","μmol/L","Humid","21.102","deg","101837","µV","28.093","°C","1015.000","hPa","35.0","pmil","0","55.560","deg","20.000","°C","100.000","%a.s.","22.340","deg","20.000","°C","962.000","hPa","0.861","-0.02617","0.00035","0","0","13.56","Humid","31.50","0","54.10","280715.14","SABD0002000014","AAV2.0.0.13","3.0.1.1413","PSt7-10","180509-029","9/13/2019 10:47:01 AM","0000-00","0","no battery","V"
"08/17/2021","10:16:40","10","default","328281339","OXY_CH10","18.669","min","192.635","μmol/L","Humid","21.101","deg","101829","µV","28.099","°C","1015.000","hPa","35.0","pmil","0","55.560","deg","20.000","°C","100.000","%a.s.","22.340","deg","20.000","°C","962.000","hPa","0.861","-0.02617","0.00035","0","0","13.56","Humid","31.50","0","54.10","280704.35","SABD0002000014","AAV2.0.0.13","3.0.1.1413","PSt7-10","180509-029","9/13/2019 10:47:01 AM","0000-00","0","no battery","V"
"08/17/2021","10:16:41","10","default","328281339","OXY_CH10","18.686","min","192.617","μmol/L","Humid","21.100","deg","101842","µV","28.105","°C","1015.000","hPa","35.0","pmil","0","55.560","deg","20.000","°C","100.000","%a.s.","22.340","deg","20.000","°C","962.000","hPa","0.861","-0.02617","0.00035","0","0","13.56","Humid","31.50","0","54.10","280711.41","SABD0002000014","AAV2.0.0.13","3.0.1.1413","PSt7-10","180509-029","9/13/2019 10:47:01 AM","0000-00","0","no battery","V"
"08/17/2021","10:16:42","10","default","328281339","OXY_CH10","18.702","min","192.652","μmol/L","Humid","21.100","deg","101826","µV","28.099","°C","1015.000","hPa","35.0","pmil","0","55.560","deg","20.000","°C","100.000","%a.s.","22.340","deg","20.000","°C","962.000","hPa","0.861","-0.02617","0.00035","0","0","13.56","Humid","31.50","0","54.10","280720.02","SABD0002000014","AAV2.0.0.13","3.0.1.1413","PSt7-10","180509-029","9/13/2019 10:47:01 AM","0000-00","0","no battery","V"
"08/17/2021","10:16:43","10","default","328281339","OXY_CH10","18.719","min","192.686","μmol/L","Humid","21.098","deg","101827","µV","28.099","°C","1015.000","hPa","35.0","pmil","0","55.560","deg","20.000","°C","100.000","%a.s.","22.340","deg","20.000","°C","962.000","hPa","0.861","-0.02617","0.00035","0","0","13.56","Humid","31.50","0","54.10","280711.12","SABD0002000014","AAV2.0.0.13","3.0.1.1413","PSt7-10","180509-029","9/13/2019 10:47:01 AM","0000-00","0","no battery","V"
"08/17/2021","10:16:44","10","default","328281339","OXY_CH10","18.736","min","192.773","μmol/L","Humid","21.095","deg","101824","µV","28.093","°C","1015.000","hPa","35.0","pmil","0","55.560","deg","20.000","°C","100.000","%a.s.","22.340","deg","20.000","°C","962.000","hPa","0.861","-0.02617","0.00035","0","0","13.56","Humid","31.50","0","54.10","280719.11","SABD0002000014","AAV2.0.0.13","3.0.1.1413","PSt7-10","180509-029","9/13/2019 10:47:01 AM","0000-00","0","no battery","V"
"08/17/2021","10:16:45","10","default","328281339","OXY_CH10","18.752","min","192.668","μmol/L","Humid","21.097","deg","101813","µV","28.105","°C","1015.000","hPa","35.0","pmil","0","55.560","deg","20.000","°C","100.000","%a.s.","22.340","deg","20.000","°C","962.000","hPa","0.861","-0.02617","0.00035","0","0","13.56","Humid","31.50","0","54.10","280717.69","SABD0002000014","AAV2.0.0.13","3.0.1.1413","PSt7-10","180509-029","9/13/2019 10:47:01 AM","0000-00","0","no battery","V"
"08/17/2021","10:16:46","10","default","328281339","OXY_CH10","18.769","min","192.738","μmol/L","Humid","21.095","deg","101807","µV","28.099","°C","1015.000","hPa","35.0","pmil","0","55.560","deg","20.000","°C","100.000","%a.s.","22.340","deg","20.000","°C","962.000","hPa","0.861","-0.02617","0.00035","0","0","13.56","Humid","31.50","0","54.10","280715.79","SABD0002000014","AAV2.0.0.13","3.0.1.1413","PSt7-10","180509-029","9/13/2019 10:47:01 AM","0000-00","0","no battery","V"
"08/17/2021","10:16:47","10","default","328281339","OXY_CH10","18.785","min","192.772","μmol/L","Humid","21.093","deg","101803","µV","28.099","°C","1015.000","hPa","35.0","pmil","0","55.560","deg","20.000","°C","100.000","%a.s.","22.340","deg","20.000","°C","962.000","hPa","0.861","-0.02617","0.00035","0","0","13.56","Humid","31.50","0","54.10","280704.61","SABD0002000014","AAV2.0.0.13","3.0.1.1413","PSt7-10","180509-029","9/13/2019 10:47:01 AM","0000-00","0","no battery","V"
"08/17/2021","10:16:48","10","default","328281339","OXY_CH10","18.802","min","192.789","μmol/L","Humid","21.092","deg","101801","µV","28.099","°C","1015.000","hPa","35.0","pmil","0","55.560","deg","20.000","°C","100.000","%a.s.","22.340","deg","20.000","°C","962.000","hPa","0.861","-0.02617","0.00035","0","0","13.56","Humid","31.50","0","54.10","280715.15","SABD0002000014","AAV2.0.0.13","3.0.1.1413","PSt7-10","180509-029","9/13/2019 10:47:01 AM","0000-00","0","no battery","V"
"08/17/2021","10:16:49","10","default","328281339","OXY_CH10","18.819","min","192.773","μmol/L","Humid","21.095","deg","101804","µV","28.093","°C","1015.000","hPa","35.0","pmil","0","55.560","deg","20.000","°C","100.000","%a.s.","22.340","deg","20.000","°C","962.000","hPa","0.861","-0.02617","0.00035","0","0","13.56","Humid","31.50","0","54.10","280702.64","SABD0002000014","AAV2.0.0.13","3.0.1.1413","PSt7-10","180509-029","9/13/2019 10:47:01 AM","0000-00","0","no battery","V"
"08/17/2021","10:16:50","10","default","328281339","OXY_CH10","18.835","min","192.772","μmol/L","Humid","21.093","deg","101801","µV","28.099","°C","1015.000","hPa","35.0","pmil","0","55.560","deg","20.000","°C","100.000","%a.s.","22.340","deg","20.000","°C","962.000","hPa","0.861","-0.02617","0.00035","0","0","13.56","Humid","31.50","0","54.10","280708.98","SABD0002000014","AAV2.0.0.13","3.0.1.1413","PSt7-10","180509-029","9/13/2019 10:47:01 AM","0000-00","0","no battery","V"
"08/17/2021","10:16:51","10","default","328281339","OXY_CH10","18.852","min","192.804","μmol/L","Humid","21.089","deg","101797","µV","28.105","°C","1015.000","hPa","35.0","pmil","0","55.560","deg","20.000","°C","100.000","%a.s.","22.340","deg","20.000","°C","962.000","hPa","0.861","-0.02617","0.00035","0","0","13.56","Humid","31.50","0","54.10","280718.99","SABD0002000014","AAV2.0.0.13","3.0.1.1413","PSt7-10","180509-029","9/13/2019 10:47:01 AM","0000-00","0","no battery","V"
"08/17/2021","10:16:52","10","default","328281339","OXY_CH10","18.869","min","192.822","μmol/L","Humid","21.088","deg","101791","µV","28.105","°C","1015.000","hPa","35.0","pmil","0","55.560","deg","20.000","°C","100.000","%a.s.","22.340","deg","20.000","°C","962.000","hPa","0.861","-0.02617","0.00035","0","0","13.56","Humid","31.50","0","54.10","280713.66","SABD0002000014","AAV2.0.0.13","3.0.1.1413","PSt7-10","180509-029","9/13/2019 10:47:01 AM","0000-00","0","no battery","V"
"08/17/2021","10:16:53","10","default","328281339","OXY_CH10","18.886","min","192.840","μmol/L","Humid","21.089","deg","101784","µV","28.099","°C","1015.000","hPa","35.0","pmil","0","55.560","deg","20.000","°C","100.000","%a.s.","22.340","deg","20.000","°C","962.000","hPa","0.861","-0.02617","0.00035","0","0","13.56","Humid","31.50","0","54.10","280723.38","SABD0002000014","AAV2.0.0.13","3.0.1.1413","PSt7-10","180509-029","9/13/2019 10:47:01 AM","0000-00","0","no battery","V"
"08/17/2021","10:16:54","10","default","328281339","OXY_CH10","18.902","min","192.874","μmol/L","Humid","21.087","deg","101774","µV","28.099","°C","1015.000","hPa","35.0","pmil","0","55.560","deg","20.000","°C","100.000","%a.s.","22.340","deg","20.000","°C","962.000","hPa","0.861","-0.02617","0.00035","0","0","13.56","Humid","31.50","0","54.10","280714.55","SABD0002000014","AAV2.0.0.13","3.0.1.1413","PSt7-10","180509-029","9/13/2019 10:47:01 AM","0000-00","0","no battery","V"
"08/17/2021","10:16:55","10","default","328281339","OXY_CH10","18.919","min","192.837","μmol/L","Humid","21.085","deg","101774","µV","28.111","°C","1015.000","hPa","35.0","pmil","0","55.560","deg","20.000","°C","100.000","%a.s.","22.340","deg","20.000","°C","962.000","hPa","0.861","-0.02617","0.00035","0","0","13.56","Humid","31.50","0","54.10","280717.25","SABD0002000014","AAV2.0.0.13","3.0.1.1413","PSt7-10","180509-029","9/13/2019 10:47:01 AM","0000-00","0","no battery","V"
"08/17/2021","10:16:56","10","default","328281339","OXY_CH10","18.935","min","192.857","μmol/L","Humid","21.088","deg","101766","µV","28.099","°C","1015.000","hPa","35.0","pmil","0","55.560","deg","20.000","°C","100.000","%a.s.","22.340","deg","20.000","°C","962.000","hPa","0.861","-0.02617","0.00035","0","0","13.56","Humid","31.50","0","54.10","280712.91","SABD0002000014","AAV2.0.0.13","3.0.1.1413","PSt7-10","180509-029","9/13/2019 10:47:01 AM","0000-00","0","no battery","V"
"08/17/2021","10:16:57","10","default","328281339","OXY_CH10","18.952","min","192.873","μmol/L","Humid","21.085","deg","101764","µV","28.105","°C","1015.000","hPa","35.0","pmil","0","55.560","deg","20.000","°C","100.000","%a.s.","22.340","deg","20.000","°C","962.000","hPa","0.861","-0.02617","0.00035","0","0","13.56","Humid","31.50","0","54.10","280711.06","SABD0002000014","AAV2.0.0.13","3.0.1.1413","PSt7-10","180509-029","9/13/2019 10:47:01 AM","0000-00","0","no battery","V"
"08/17/2021","10:16:58","10","default","328281339","OXY_CH10","18.969","min","192.924","μmol/L","Humid","21.082","deg","101766","µV","28.105","°C","1015.000","hPa","35.0","pmil","0","55.560","deg","20.000","°C","100.000","%a.s.","22.340","deg","20.000","°C","962.000","hPa","0.861","-0.02617","0.00035","0","0","13.56","Humid","31.50","0","54.10","280709.33","SABD0002000014","AAV2.0.0.13","3.0.1.1413","PSt7-10","180509-029","9/13/2019 10:47:01 AM","0000-00","0","no battery","V"
"08/17/2021","10:16:59","10","default","328281339","OXY_CH10","18.985","min","192.890","μmol/L","Humid","21.084","deg","101759","µV","28.105","°C","1015.000","hPa","35.0","pmil","0","55.560","deg","20.000","°C","100.000","%a.s.","22.340","deg","20.000","°C","962.000","hPa","0.861","-0.02617","0.00035","0","0","13.56","Humid","31.50","0","54.10","280710.60","SABD0002000014","AAV2.0.0.13","3.0.1.1413","PSt7-10","180509-029","9/13/2019 10:47:01 AM","0000-00","0","no battery","V"
"08/17/2021","10:17:00","10","default","328281339","OXY_CH10","19.002","min","192.977","μmol/L","Humid","21.081","deg","101754","µV","28.099","°C","1015.000","hPa","35.0","pmil","0","55.560","deg","20.000","°C","100.000","%a.s.","22.340","deg","20.000","°C","962.000","hPa","0.861","-0.02617","0.00035","0","0","13.56","Humid","31.50","0","54.10","280700.47","SABD0002000014","AAV2.0.0.13","3.0.1.1413","PSt7-10","180509-029","9/13/2019 10:47:01 AM","0000-00","0","no battery","V"
"08/17/2021","10:17:01","10","default","328281339","OXY_CH10","19.019","min","192.907","μmol/L","Humid","21.083","deg","101755","µV","28.105","°C","1015.000","hPa","35.0","pmil","0","55.560","deg","20.000","°C","100.000","%a.s.","22.340","deg","20.000","°C","962.000","hPa","0.861","-0.02617","0.00035","0","0","13.56","Humid","31.50","0","54.10","280709.91","SABD0002000014","AAV2.0.0.13","3.0.1.1413","PSt7-10","180509-029","9/13/2019 10:47:01 AM","0000-00","0","no battery","V"
"08/17/2021","10:17:02","10","default","328281339","OXY_CH10","19.035","min","192.994","μmol/L","Humid","21.080","deg","101743","µV","28.099","°C","1015.000","hPa","35.0","pmil","0","55.560","deg","20.000","°C","100.000","%a.s.","22.340","deg","20.000","°C","962.000","hPa","0.861","-0.02617","0.00035","0","0","13.56","Humid","31.50","0","54.10","280698.44","SABD0002000014","AAV2.0.0.13","3.0.1.1413","PSt7-10","180509-029","9/13/2019 10:47:01 AM","0000-00","0","no battery","V"
"08/17/2021","10:17:03","10","default","328281339","OXY_CH10","19.052","min","192.941","μmol/L","Humid","21.081","deg","101749","µV","28.105","°C","1015.000","hPa","35.0","pmil","0","55.560","deg","20.000","°C","100.000","%a.s.","22.340","deg","20.000","°C","962.000","hPa","0.861","-0.02617","0.00035","0","0","13.56","Humid","31.50","0","54.10","280694.93","SABD0002000014","AAV2.0.0.13","3.0.1.1413","PSt7-10","180509-029","9/13/2019 10:47:01 AM","0000-00","0","no battery","V"
"08/17/2021","10:17:04","10","default","328281339","OXY_CH10","19.069","min","192.958","μmol/L","Humid","21.080","deg","101744","µV","28.105","°C","1015.000","hPa","35.0","pmil","0","55.560","deg","20.000","°C","100.000","%a.s.","22.340","deg","20.000","°C","962.000","hPa","0.861","-0.02617","0.00035","0","0","13.56","Humid","31.50","0","54.10","280701.61","SABD0002000014","AAV2.0.0.13","3.0.1.1413","PSt7-10","180509-029","9/13/2019 10:47:01 AM","0000-00","0","no battery","V"
"08/17/2021","10:17:05","10","default","328281339","OXY_CH10","19.085","min","192.975","μmol/L","Humid","21.079","deg","101736","µV","28.105","°C","1015.000","hPa","35.0","pmil","0","55.560","deg","20.000","°C","100.000","%a.s.","22.340","deg","20.000","°C","962.000","hPa","0.861","-0.02617","0.00035","0","0","13.56","Humid","31.50","0","54.10","280712.58","SABD0002000014","AAV2.0.0.13","3.0.1.1413","PSt7-10","180509-029","9/13/2019 10:47:01 AM","0000-00","0","no battery","V"
"08/17/2021","10:17:06","10","default","328281339","OXY_CH10","19.102","min","192.907","μmol/L","Humid","21.083","deg","101735","µV","28.105","°C","1015.000","hPa","35.0","pmil","0","55.560","deg","20.000","°C","100.000","%a.s.","22.340","deg","20.000","°C","962.000","hPa","0.861","-0.02617","0.00035","0","0","13.56","Humid","31.50","0","54.10","280709.56","SABD0002000014","AAV2.0.0.13","3.0.1.1413","PSt7-10","180509-029","9/13/2019 10:47:01 AM","0000-00","0","no battery","V"
"08/17/2021","10:17:07","10","default","328281339","OXY_CH10","19.119","min","193.079","μmol/L","Humid","21.075","deg","101722","µV","28.099","°C","1015.000","hPa","35.0","pmil","0","55.560","deg","20.000","°C","100.000","%a.s.","22.340","deg","20.000","°C","962.000","hPa","0.861","-0.02617","0.00035","0","0","13.56","Humid","31.50","0","54.10","280702.33","SABD0002000014","AAV2.0.0.13","3.0.1.1413","PSt7-10","180509-029","9/13/2019 10:47:01 AM","0000-00","0","no battery","V"
"08/17/2021","10:17:08","10","default","328281339","OXY_CH10","19.136","min","192.992","μmol/L","Humid","21.078","deg","101729","µV","28.105","°C","1015.000","hPa","35.0","pmil","0","55.560","deg","20.000","°C","100.000","%a.s.","22.340","deg","20.000","°C","962.000","hPa","0.861","-0.02617","0.00035","0","0","13.56","Humid","31.50","0","54.10","280708.72","SABD0002000014","AAV2.0.0.13","3.0.1.1413","PSt7-10","180509-029","9/13/2019 10:47:01 AM","0000-00","0","no battery","V"
"08/17/2021","10:17:09","10","default","328281339","OXY_CH10","19.152","min","193.061","μmol/L","Humid","21.074","deg","101726","µV","28.105","°C","1015.000","hPa","35.0","pmil","0","55.560","deg","20.000","°C","100.000","%a.s.","22.340","deg","20.000","°C","962.000","hPa","0.861","-0.02617","0.00035","0","0","13.56","Humid","31.50","0","54.10","280718.27","SABD0002000014","AAV2.0.0.13","3.0.1.1413","PSt7-10","180509-029","9/13/2019 10:47:01 AM","0000-00","0","no battery","V"
"08/17/2021","10:17:10","10","default","328281339","OXY_CH10","19.169","min","192.992","μmol/L","Humid","21.078","deg","101729","µV","28.105","°C","1015.000","hPa","35.0","pmil","0","55.560","deg","20.000","°C","100.000","%a.s.","22.340","deg","20.000","°C","962.000","hPa","0.861","-0.02617","0.00035","0","0","13.56","Humid","31.50","0","54.10","280710.26","SABD0002000014","AAV2.0.0.13","3.0.1.1413","PSt7-10","180509-029","9/13/2019 10:47:01 AM","0000-00","0","no battery","V"
"08/17/2021","10:17:11","10","default","328281339","OXY_CH10","19.186","min","192.991","μmol/L","Humid","21.076","deg","101719","µV","28.111","°C","1015.000","hPa","35.0","pmil","0","55.560","deg","20.000","°C","100.000","%a.s.","22.340","deg","20.000","°C","962.000","hPa","0.861","-0.02617","0.00035","0","0","13.56","Humid","31.50","0","54.10","280708.75","SABD0002000014","AAV2.0.0.13","3.0.1.1413","PSt7-10","180509-029","9/13/2019 10:47:01 AM","0000-00","0","no battery","V"
"08/17/2021","10:17:12","10","default","328281339","OXY_CH10","19.202","min","193.078","μmol/L","Humid","21.073","deg","101716","µV","28.105","°C","1015.000","hPa","35.0","pmil","0","55.560","deg","20.000","°C","100.000","%a.s.","22.340","deg","20.000","°C","962.000","hPa","0.861","-0.02617","0.00035","0","0","13.56","Humid","31.50","0","54.10","280700.01","SABD0002000014","AAV2.0.0.13","3.0.1.1413","PSt7-10","180509-029","9/13/2019 10:47:01 AM","0000-00","0","no battery","V"
"08/17/2021","10:17:13","10","default","328281339","OXY_CH10","19.219","min","193.026","μmol/L","Humid","21.076","deg","101716","µV","28.105","°C","1015.000","hPa","35.0","pmil","0","55.560","deg","20.000","°C","100.000","%a.s.","22.340","deg","20.000","°C","962.000","hPa","0.861","-0.02617","0.00035","0","0","13.56","Humid","31.50","0","54.10","280706.36","SABD0002000014","AAV2.0.0.13","3.0.1.1413","PSt7-10","180509-029","9/13/2019 10:47:01 AM","0000-00","0","no battery","V"
"08/17/2021","10:17:14","10","default","328281339","OXY_CH10","19.235","min","192.991","μmol/L","Humid","21.076","deg","101704","µV","28.111","°C","1015.000","hPa","35.0","pmil","0","55.560","deg","20.000","°C","100.000","%a.s.","22.340","deg","20.000","°C","962.000","hPa","0.861","-0.02617","0.00035","0","0","13.56","Humid","31.50","0","54.10","280700.59","SABD0002000014","AAV2.0.0.13","3.0.1.1413","PSt7-10","180509-029","9/13/2019 10:47:01 AM","0000-00","0","no battery","V"
"08/17/2021","10:17:15","10","default","328281339","OXY_CH10","19.252","min","193.078","μmol/L","Humid","21.073","deg","101709","µV","28.105","°C","1015.000","hPa","35.0","pmil","0","55.560","deg","20.000","°C","100.000","%a.s.","22.340","deg","20.000","°C","962.000","hPa","0.861","-0.02617","0.00035","0","0","13.56","Humid","31.50","0","54.10","280709.44","SABD0002000014","AAV2.0.0.13","3.0.1.1413","PSt7-10","180509-029","9/13/2019 10:47:01 AM","0000-00","0","no battery","V"
"08/17/2021","10:17:16","10","default","328281339","OXY_CH10","19.269","min","193.042","μmol/L","Humid","21.073","deg","101716","µV","28.111","°C","1015.000","hPa","35.0","pmil","0","55.560","deg","20.000","°C","100.000","%a.s.","22.340","deg","20.000","°C","962.000","hPa","0.861","-0.02617","0.00035","0","0","13.56","Humid","31.50","0","54.10","280709.89","SABD0002000014","AAV2.0.0.13","3.0.1.1413","PSt7-10","180509-029","9/13/2019 10:47:01 AM","0000-00","0","no battery","V"
"08/17/2021","10:17:17","10","default","328281339","OXY_CH10","19.285","min","193.113","μmol/L","Humid","21.073","deg","101694","µV","28.099","°C","1015.000","hPa","35.0","pmil","0","55.560","deg","20.000","°C","100.000","%a.s.","22.340","deg","20.000","°C","962.000","hPa","0.861","-0.02617","0.00035","0","0","13.56","Humid","31.50","0","54.10","280714.13","SABD0002000014","AAV2.0.0.13","3.0.1.1413","PSt7-10","180509-029","9/13/2019 10:47:01 AM","0000-00","0","no battery","V"
"08/17/2021","10:17:18","10","default","328281339","OXY_CH10","19.302","min","193.112","μmol/L","Humid","21.071","deg","101699","µV","28.105","°C","1015.000","hPa","35.0","pmil","0","55.560","deg","20.000","°C","100.000","%a.s.","22.340","deg","20.000","°C","962.000","hPa","0.861","-0.02617","0.00035","0","0","13.56","Humid","31.50","0","54.10","280712.75","SABD0002000014","AAV2.0.0.13","3.0.1.1413","PSt7-10","180509-029","9/13/2019 10:47:01 AM","0000-00","0","no battery","V"
"08/17/2021","10:17:19","10","default","328281339","OXY_CH10","19.319","min","193.076","μmol/L","Humid","21.071","deg","101713","µV","28.111","°C","1015.000","hPa","35.0","pmil","0","55.560","deg","20.000","°C","100.000","%a.s.","22.340","deg","20.000","°C","962.000","hPa","0.861","-0.02617","0.00035","0","0","13.56","Humid","31.50","0","54.10","280703.47","SABD0002000014","AAV2.0.0.13","3.0.1.1413","PSt7-10","180509-029","9/13/2019 10:47:01 AM","0000-00","0","no battery","V"
"08/17/2021","10:17:20","10","default","328281339","OXY_CH10","19.335","min","193.076","μmol/L","Humid","21.071","deg","101688","µV","28.111","°C","1015.000","hPa","35.0","pmil","0","55.560","deg","20.000","°C","100.000","%a.s.","22.340","deg","20.000","°C","962.000","hPa","0.861","-0.02617","0.00035","0","0","13.56","Humid","31.50","0","54.10","280710.77","SABD0002000014","AAV2.0.0.13","3.0.1.1413","PSt7-10","180509-029","9/13/2019 10:47:01 AM","0000-00","0","no battery","V"
"08/17/2021","10:17:21","10","default","328281339","OXY_CH10","19.352","min","193.128","μmol/L","Humid","21.068","deg","101691","µV","28.111","°C","1015.000","hPa","35.0","pmil","0","55.560","deg","20.000","°C","100.000","%a.s.","22.340","deg","20.000","°C","962.000","hPa","0.861","-0.02617","0.00035","0","0","13.56","Humid","31.50","0","54.10","280710.17","SABD0002000014","AAV2.0.0.13","3.0.1.1413","PSt7-10","180509-029","9/13/2019 10:47:01 AM","0000-00","0","no battery","V"
"08/17/2021","10:17:22","10","default","328281339","OXY_CH10","19.369","min","193.180","μmol/L","Humid","21.067","deg","101683","µV","28.105","°C","1015.000","hPa","35.0","pmil","0","55.560","deg","20.000","°C","100.000","%a.s.","22.340","deg","20.000","°C","962.000","hPa","0.861","-0.02617","0.00035","0","0","13.56","Humid","31.50","0","54.10","280712.19","SABD0002000014","AAV2.0.0.13","3.0.1.1413","PSt7-10","180509-029","9/13/2019 10:47:01 AM","0000-00","0","no battery","V"
"08/17/2021","10:17:23","10","default","328281339","OXY_CH10","19.385","min","193.146","μmol/L","Humid","21.069","deg","101681","µV","28.105","°C","1015.000","hPa","35.0","pmil","0","55.560","deg","20.000","°C","100.000","%a.s.","22.340","deg","20.000","°C","962.000","hPa","0.861","-0.02617","0.00035","0","0","13.56","Humid","31.50","0","54.10","280707.10","SABD0002000014","AAV2.0.0.13","3.0.1.1413","PSt7-10","180509-029","9/13/2019 10:47:01 AM","0000-00","0","no battery","V"
"08/17/2021","10:17:24","10","default","328281339","OXY_CH10","19.402","min","193.111","μmol/L","Humid","21.069","deg","101674","µV","28.111","°C","1015.000","hPa","35.0","pmil","0","55.560","deg","20.000","°C","100.000","%a.s.","22.340","deg","20.000","°C","962.000","hPa","0.861","-0.02617","0.00035","0","0","13.56","Humid","31.50","0","54.10","280703.01","SABD0002000014","AAV2.0.0.13","3.0.1.1413","PSt7-10","180509-029","9/13/2019 10:47:01 AM","0000-00","0","no battery","V"
"08/17/2021","10:17:25","10","default","328281339","OXY_CH10","19.419","min","193.162","μmol/L","Humid","21.066","deg","101673","µV","28.111","°C","1015.000","hPa","35.0","pmil","0","55.560","deg","20.000","°C","100.000","%a.s.","22.340","deg","20.000","°C","962.000","hPa","0.861","-0.02617","0.00035","0","0","13.56","Humid","31.50","0","54.10","280706.20","SABD0002000014","AAV2.0.0.13","3.0.1.1413","PSt7-10","180509-029","9/13/2019 10:47:01 AM","0000-00","0","no battery","V"
"08/17/2021","10:17:26","10","default","328281339","OXY_CH10","19.435","min","193.232","μmol/L","Humid","21.064","deg","101672","µV","28.105","°C","1015.000","hPa","35.0","pmil","0","55.560","deg","20.000","°C","100.000","%a.s.","22.340","deg","20.000","°C","962.000","hPa","0.861","-0.02617","0.00035","0","0","13.56","Humid","31.50","0","54.10","280710.87","SABD0002000014","AAV2.0.0.13","3.0.1.1413","PSt7-10","180509-029","9/13/2019 10:47:01 AM","0000-00","0","no battery","V"
"08/17/2021","10:17:27","10","default","328281339","OXY_CH10","19.452","min","193.162","μmol/L","Humid","21.066","deg","101667","µV","28.111","°C","1015.000","hPa","35.0","pmil","0","55.560","deg","20.000","°C","100.000","%a.s.","22.340","deg","20.000","°C","962.000","hPa","0.861","-0.02617","0.00035","0","0","13.56","Humid","31.50","0","54.10","280711.30","SABD0002000014","AAV2.0.0.13","3.0.1.1413","PSt7-10","180509-029","9/13/2019 10:47:01 AM","0000-00","0","no battery","V"
"08/17/2021","10:17:28","10","default","328281339","OXY_CH10","19.468","min","193.249","μmol/L","Humid","21.063","deg","101650","µV","28.105","°C","1015.000","hPa","35.0","pmil","0","55.560","deg","20.000","°C","100.000","%a.s.","22.340","deg","20.000","°C","962.000","hPa","0.861","-0.02617","0.00035","0","0","13.56","Humid","31.50","0","54.10","280706.33","SABD0002000014","AAV2.0.0.13","3.0.1.1413","PSt7-10","180509-029","9/13/2019 10:47:01 AM","0000-00","0","no battery","V"
"08/17/2021","10:17:29","10","default","328281339","OXY_CH10","19.485","min","193.213","μmol/L","Humid","21.063","deg","101652","µV","28.111","°C","1015.000","hPa","35.0","pmil","0","55.560","deg","20.000","°C","100.000","%a.s.","22.340","deg","20.000","°C","962.000","hPa","0.861","-0.02617","0.00035","0","0","13.56","Humid","31.50","0","54.10","280712.02","SABD0002000014","AAV2.0.0.13","3.0.1.1413","PSt7-10","180509-029","9/13/2019 10:47:01 AM","0000-00","0","no battery","V"
"08/17/2021","10:17:30","10","default","328281339","OXY_CH10","19.502","min","193.265","μmol/L","Humid","21.060","deg","101650","µV","28.111","°C","1015.000","hPa","35.0","pmil","0","55.560","deg","20.000","°C","100.000","%a.s.","22.340","deg","20.000","°C","962.000","hPa","0.861","-0.02617","0.00035","0","0","13.56","Humid","31.50","0","54.10","280710.52","SABD0002000014","AAV2.0.0.13","3.0.1.1413","PSt7-10","180509-029","9/13/2019 10:47:01 AM","0000-00","0","no battery","V"
"08/17/2021","10:17:31","10","default","328281339","OXY_CH10","19.519","min","193.282","μmol/L","Humid","21.059","deg","101633","µV","28.111","°C","1015.000","hPa","35.0","pmil","0","55.560","deg","20.000","°C","100.000","%a.s.","22.340","deg","20.000","°C","962.000","hPa","0.861","-0.02617","0.00035","0","0","13.56","Humid","31.50","0","54.10","280702.87","SABD0002000014","AAV2.0.0.13","3.0.1.1413","PSt7-10","180509-029","9/13/2019 10:47:01 AM","0000-00","0","no battery","V"
"08/17/2021","10:17:32","10","default","328281339","OXY_CH10","19.536","min","193.265","μmol/L","Humid","21.060","deg","101635","µV","28.111","°C","1015.000","hPa","35.0","pmil","0","55.560","deg","20.000","°C","100.000","%a.s.","22.340","deg","20.000","°C","962.000","hPa","0.861","-0.02617","0.00035","0","0","13.56","Humid","31.50","0","54.10","280710.02","SABD0002000014","AAV2.0.0.13","3.0.1.1413","PSt7-10","180509-029","9/13/2019 10:47:01 AM","0000-00","0","no battery","V"
"08/17/2021","10:17:33","10","default","328281339","OXY_CH10","19.552","min","193.351","μmol/L","Humid","21.057","deg","101640","µV","28.105","°C","1015.000","hPa","35.0","pmil","0","55.560","deg","20.000","°C","100.000","%a.s.","22.340","deg","20.000","°C","962.000","hPa","0.861","-0.02617","0.00035","0","0","13.56","Humid","31.50","0","54.10","280707.75","SABD0002000014","AAV2.0.0.13","3.0.1.1413","PSt7-10","180509-029","9/13/2019 10:47:01 AM","0000-00","0","no battery","V"
"08/17/2021","10:17:34","10","default","328281339","OXY_CH10","19.569","min","193.265","μmol/L","Humid","21.060","deg","101634","µV","28.111","°C","1015.000","hPa","35.0","pmil","0","55.560","deg","20.000","°C","100.000","%a.s.","22.340","deg","20.000","°C","962.000","hPa","0.861","-0.02617","0.00035","0","0","13.56","Humid","31.50","0","54.10","280704.97","SABD0002000014","AAV2.0.0.13","3.0.1.1413","PSt7-10","180509-029","9/13/2019 10:47:01 AM","0000-00","0","no battery","V"
"08/17/2021","10:17:35","10","default","328281339","OXY_CH10","19.586","min","193.387","μmol/L","Humid","21.057","deg","101629","µV","28.099","°C","1015.000","hPa","35.0","pmil","0","55.560","deg","20.000","°C","100.000","%a.s.","22.340","deg","20.000","°C","962.000","hPa","0.861","-0.02617","0.00035","0","0","13.56","Humid","31.50","0","54.10","280714.73","SABD0002000014","AAV2.0.0.13","3.0.1.1413","PSt7-10","180509-029","9/13/2019 10:47:01 AM","0000-00","0","no battery","V"
"08/17/2021","10:17:36","10","default","328281339","OXY_CH10","19.602","min","193.350","μmol/L","Humid","21.055","deg","101627","µV","28.111","°C","1015.000","hPa","35.0","pmil","0","55.560","deg","20.000","°C","100.000","%a.s.","22.340","deg","20.000","°C","962.000","hPa","0.861","-0.02617","0.00035","0","0","13.56","Humid","31.50","0","54.10","280696.60","SABD0002000014","AAV2.0.0.13","3.0.1.1413","PSt7-10","180509-029","9/13/2019 10:47:01 AM","0000-00","0","no battery","V"
"08/17/2021","10:17:37","10","default","328281339","OXY_CH10","19.619","min","193.351","μmol/L","Humid","21.057","deg","101624","µV","28.105","°C","1015.000","hPa","35.0","pmil","0","55.560","deg","20.000","°C","100.000","%a.s.","22.340","deg","20.000","°C","962.000","hPa","0.861","-0.02617","0.00035","0","0","13.56","Humid","31.50","0","54.10","280705.05","SABD0002000014","AAV2.0.0.13","3.0.1.1413","PSt7-10","180509-029","9/13/2019 10:47:01 AM","0000-00","0","no battery","V"
"08/17/2021","10:17:38","10","default","328281339","OXY_CH10","19.635","min","193.299","μmol/L","Humid","21.058","deg","101617","µV","28.111","°C","1015.000","hPa","35.0","pmil","0","55.560","deg","20.000","°C","100.000","%a.s.","22.340","deg","20.000","°C","962.000","hPa","0.861","-0.02617","0.00035","0","0","13.56","Humid","31.50","0","54.10","280702.37","SABD0002000014","AAV2.0.0.13","3.0.1.1413","PSt7-10","180509-029","9/13/2019 10:47:01 AM","0000-00","0","no battery","V"
"08/17/2021","10:17:39","10","default","328281339","OXY_CH10","19.652","min","193.333","μmol/L","Humid","21.056","deg","101613","µV","28.111","°C","1015.000","hPa","35.0","pmil","0","55.560","deg","20.000","°C","100.000","%a.s.","22.340","deg","20.000","°C","962.000","hPa","0.861","-0.02617","0.00035","0","0","13.56","Humid","31.50","0","54.10","280703.99","SABD0002000014","AAV2.0.0.13","3.0.1.1413","PSt7-10","180509-029","9/13/2019 10:47:01 AM","0000-00","0","no battery","V"
"08/17/2021","10:17:40","10","default","328281339","OXY_CH10","19.669","min","193.367","μmol/L","Humid","21.054","deg","101611","µV","28.111","°C","1015.000","hPa","35.0","pmil","0","55.560","deg","20.000","°C","100.000","%a.s.","22.340","deg","20.000","°C","962.000","hPa","0.861","-0.02617","0.00035","0","0","13.56","Humid","31.50","0","54.10","280714.14","SABD0002000014","AAV2.0.0.13","3.0.1.1413","PSt7-10","180509-029","9/13/2019 10:47:01 AM","0000-00","0","no battery","V"
"08/17/2021","10:17:41","10","default","328281339","OXY_CH10","19.685","min","193.384","μmol/L","Humid","21.053","deg","101600","µV","28.111","°C","1015.000","hPa","35.0","pmil","0","55.560","deg","20.000","°C","100.000","%a.s.","22.340","deg","20.000","°C","962.000","hPa","0.861","-0.02617","0.00035","0","0","13.56","Humid","31.50","0","54.10","280705.94","SABD0002000014","AAV2.0.0.13","3.0.1.1413","PSt7-10","180509-029","9/13/2019 10:47:01 AM","0000-00","0","no battery","V"
"08/17/2021","10:17:42","10","default","328281339","OXY_CH10","19.702","min","193.420","μmol/L","Humid","21.053","deg","101590","µV","28.105","°C","1015.000","hPa","35.0","pmil","0","55.560","deg","20.000","°C","100.000","%a.s.","22.340","deg","20.000","°C","962.000","hPa","0.861","-0.02617","0.00035","0","0","13.56","Humid","31.50","0","54.10","280693.80","SABD0002000014","AAV2.0.0.13","3.0.1.1413","PSt7-10","180509-029","9/13/2019 10:47:01 AM","0000-00","0","no battery","V"
"08/17/2021","10:17:43","10","default","328281339","OXY_CH10","19.719","min","193.436","μmol/L","Humid","21.050","deg","101588","µV","28.111","°C","1015.000","hPa","35.0","pmil","0","55.560","deg","20.000","°C","100.000","%a.s.","22.340","deg","20.000","°C","962.000","hPa","0.861","-0.02617","0.00035","0","0","13.56","Humid","31.50","0","54.10","280699.77","SABD0002000014","AAV2.0.0.13","3.0.1.1413","PSt7-10","180509-029","9/13/2019 10:47:01 AM","0000-00","0","no battery","V"
"08/17/2021","10:17:44","10","default","328281339","OXY_CH10","19.736","min","193.384","μmol/L","Humid","21.053","deg","101587","µV","28.111","°C","1015.000","hPa","35.0","pmil","0","55.560","deg","20.000","°C","100.000","%a.s.","22.340","deg","20.000","°C","962.000","hPa","0.861","-0.02617","0.00035","0","0","13.56","Humid","31.50","0","54.10","280714.21","SABD0002000014","AAV2.0.0.13","3.0.1.1413","PSt7-10","180509-029","9/13/2019 10:47:01 AM","0000-00","0","no battery","V"
"08/17/2021","10:17:45","10","default","328281339","OXY_CH10","19.752","min","193.469","μmol/L","Humid","21.046","deg","101583","µV","28.117","°C","1015.000","hPa","35.0","pmil","0","55.560","deg","20.000","°C","100.000","%a.s.","22.340","deg","20.000","°C","962.000","hPa","0.861","-0.02617","0.00035","0","0","13.56","Humid","31.50","0","54.10","280703.86","SABD0002000014","AAV2.0.0.13","3.0.1.1413","PSt7-10","180509-029","9/13/2019 10:47:01 AM","0000-00","0","no battery","V"
"08/17/2021","10:17:46","10","default","328281339","OXY_CH10","19.769","min","193.487","μmol/L","Humid","21.047","deg","101580","µV","28.111","°C","1015.000","hPa","35.0","pmil","0","55.560","deg","20.000","°C","100.000","%a.s.","22.340","deg","20.000","°C","962.000","hPa","0.861","-0.02617","0.00035","0","0","13.56","Humid","31.50","0","54.10","280716.47","SABD0002000014","AAV2.0.0.13","3.0.1.1413","PSt7-10","180509-029","9/13/2019 10:47:01 AM","0000-00","0","no battery","V"
"08/17/2021","10:17:47","10","default","328281339","OXY_CH10","19.786","min","193.504","μmol/L","Humid","21.046","deg","101577","µV","28.111","°C","1015.000","hPa","35.0","pmil","0","55.560","deg","20.000","°C","100.000","%a.s.","22.340","deg","20.000","°C","962.000","hPa","0.861","-0.02617","0.00035","0","0","13.56","Humid","31.50","0","54.10","280710.56","SABD0002000014","AAV2.0.0.13","3.0.1.1413","PSt7-10","180509-029","9/13/2019 10:47:01 AM","0000-00","0","no battery","V"
"08/17/2021","10:17:48","10","default","328281339","OXY_CH10","19.802","min","193.487","μmol/L","Humid","21.047","deg","101569","µV","28.111","°C","1015.000","hPa","35.0","pmil","0","55.560","deg","20.000","°C","100.000","%a.s.","22.340","deg","20.000","°C","962.000","hPa","0.861","-0.02617","0.00035","0","0","13.56","Humid","31.50","0","54.10","280717.45","SABD0002000014","AAV2.0.0.13","3.0.1.1413","PSt7-10","180509-029","9/13/2019 10:47:01 AM","0000-00","0","no battery","V"
"08/17/2021","10:17:49","10","default","328281339","OXY_CH10","19.819","min","193.556","μmol/L","Humid","21.043","deg","101564","µV","28.111","°C","1015.000","hPa","35.0","pmil","0","55.560","deg","20.000","°C","100.000","%a.s.","22.340","deg","20.000","°C","962.000","hPa","0.861","-0.02617","0.00035","0","0","13.56","Humid","31.50","0","54.10","280714.49","SABD0002000014","AAV2.0.0.13","3.0.1.1413","PSt7-10","180509-029","9/13/2019 10:47:01 AM","0000-00","0","no battery","V"
"08/17/2021","10:17:50","10","default","328281339","OXY_CH10","19.836","min","193.609","μmol/L","Humid","21.042","deg","101563","µV","28.105","°C","1015.000","hPa","35.0","pmil","0","55.560","deg","20.000","°C","100.000","%a.s.","22.340","deg","20.000","°C","962.000","hPa","0.861","-0.02617","0.00035","0","0","13.56","Humid","31.50","0","54.10","280717.00","SABD0002000014","AAV2.0.0.13","3.0.1.1413","PSt7-10","180509-029","9/13/2019 10:47:01 AM","0000-00","0","no battery","V"
"08/17/2021","10:17:51","10","default","328281339","OXY_CH10","19.853","min","193.573","μmol/L","Humid","21.042","deg","101560","µV","28.111","°C","1015.000","hPa","35.0","pmil","0","55.560","deg","20.000","°C","100.000","%a.s.","22.340","deg","20.000","°C","962.000","hPa","0.861","-0.02617","0.00035","0","0","13.56","Humid","31.50","0","54.10","280718.84","SABD0002000014","AAV2.0.0.13","3.0.1.1413","PSt7-10","180509-029","9/13/2019 10:47:01 AM","0000-00","0","no battery","V"
"08/17/2021","10:17:52","10","default","328281339","OXY_CH10","19.869","min","193.609","μmol/L","Humid","21.042","deg","101539","µV","28.105","°C","1015.000","hPa","35.0","pmil","0","55.560","deg","20.000","°C","100.000","%a.s.","22.340","deg","20.000","°C","962.000","hPa","0.861","-0.02617","0.00035","0","0","13.56","Humid","31.50","0","54.10","280691.57","SABD0002000014","AAV2.0.0.13","3.0.1.1413","PSt7-10","180509-029","9/13/2019 10:47:01 AM","0000-00","0","no battery","V"
"08/17/2021","10:17:53","10","default","328281339","OXY_CH10","19.886","min","193.609","μmol/L","Humid","21.042","deg","101552","µV","28.105","°C","1015.000","hPa","35.0","pmil","0","55.560","deg","20.000","°C","100.000","%a.s.","22.340","deg","20.000","°C","962.000","hPa","0.861","-0.02617","0.00035","0","0","13.56","Humid","31.50","0","54.10","280714.94","SABD0002000014","AAV2.0.0.13","3.0.1.1413","PSt7-10","180509-029","9/13/2019 10:47:01 AM","0000-00","0","no battery","V"
"08/17/2021","10:17:54","10","default","328281339","OXY_CH10","19.902","min","193.537","μmol/L","Humid","21.042","deg","101554","µV","28.117","°C","1015.000","hPa","35.0","pmil","0","55.560","deg","20.000","°C","100.000","%a.s.","22.340","deg","20.000","°C","962.000","hPa","0.861","-0.02617","0.00035","0","0","13.56","Humid","31.50","0","54.10","280703.42","SABD0002000014","AAV2.0.0.13","3.0.1.1413","PSt7-10","180509-029","9/13/2019 10:47:01 AM","0000-00","0","no battery","V"
"08/17/2021","10:17:55","10","default","328281339","OXY_CH10","19.919","min","193.607","μmol/L","Humid","21.040","deg","101550","µV","28.111","°C","1015.000","hPa","35.0","pmil","0","55.560","deg","20.000","°C","100.000","%a.s.","22.340","deg","20.000","°C","962.000","hPa","0.861","-0.02617","0.00035","0","0","13.56","Humid","31.50","0","54.10","280713.88","SABD0002000014","AAV2.0.0.13","3.0.1.1413","PSt7-10","180509-029","9/13/2019 10:47:01 AM","0000-00","0","no battery","V"
"08/17/2021","10:17:56","10","default","328281339","OXY_CH10","19.936","min","193.607","μmol/L","Humid","21.040","deg","101539","µV","28.111","°C","1015.000","hPa","35.0","pmil","0","55.560","deg","20.000","°C","100.000","%a.s.","22.340","deg","20.000","°C","962.000","hPa","0.861","-0.02617","0.00035","0","0","13.56","Humid","31.50","0","54.10","280703.19","SABD0002000014","AAV2.0.0.13","3.0.1.1413","PSt7-10","180509-029","9/13/2019 10:47:01 AM","0000-00","0","no battery","V"
"08/17/2021","10:17:57","10","default","328281339","OXY_CH10","19.952","min","193.555","μmol/L","Humid","21.041","deg","101543","µV","28.117","°C","1015.000","hPa","35.0","pmil","0","55.560","deg","20.000","°C","100.000","%a.s.","22.340","deg","20.000","°C","962.000","hPa","0.861","-0.02617","0.00035","0","0","13.56","Humid","31.50","0","54.10","280704.21","SABD0002000014","AAV2.0.0.13","3.0.1.1413","PSt7-10","180509-029","9/13/2019 10:47:01 AM","0000-00","0","no battery","V"
"08/17/2021","10:17:58","10","default","328281339","OXY_CH10","19.969","min","193.624","μmol/L","Humid","21.039","deg","101540","µV","28.111","°C","1015.000","hPa","35.0","pmil","0","55.560","deg","20.000","°C","100.000","%a.s.","22.340","deg","20.000","°C","962.000","hPa","0.861","-0.02617","0.00035","0","0","13.56","Humid","31.50","0","54.10","280706.04","SABD0002000014","AAV2.0.0.13","3.0.1.1413","PSt7-10","180509-029","9/13/2019 10:47:01 AM","0000-00","0","no battery","V"
"08/17/2021","10:17:59","10","default","328281339","OXY_CH10","19.985","min","193.555","μmol/L","Humid","21.041","deg","101539","µV","28.117","°C","1015.000","hPa","35.0","pmil","0","55.560","deg","20.000","°C","100.000","%a.s.","22.340","deg","20.000","°C","962.000","hPa","0.861","-0.02617","0.00035","0","0","13.56","Humid","31.50","0","54.10","280707.00","SABD0002000014","AAV2.0.0.13","3.0.1.1413","PSt7-10","180509-029","9/13/2019 10:47:01 AM","0000-00","0","no battery","V"
"08/17/2021","10:18:00","10","default","328281339","OXY_CH10","20.002","min","193.572","μmol/L","Humid","21.040","deg","101540","µV","28.117","°C","1015.000","hPa","35.0","pmil","0","55.560","deg","20.000","°C","100.000","%a.s.","22.340","deg","20.000","°C","962.000","hPa","0.861","-0.02617","0.00035","0","0","13.56","Humid","31.50","0","54.10","280711.77","SABD0002000014","AAV2.0.0.13","3.0.1.1413","PSt7-10","180509-029","9/13/2019 10:47:01 AM","0000-00","0","no battery","V"
"08/17/2021","10:18:01","10","default","328281339","OXY_CH10","20.019","min","193.536","μmol/L","Humid","21.040","deg","101537","µV","28.123","°C","1015.000","hPa","35.0","pmil","0","55.560","deg","20.000","°C","100.000","%a.s.","22.340","deg","20.000","°C","962.000","hPa","0.861","-0.02617","0.00035","0","0","13.56","Humid","31.50","0","54.10","280714.20","SABD0002000014","AAV2.0.0.13","3.0.1.1413","PSt7-10","180509-029","9/13/2019 10:47:01 AM","0000-00","0","no battery","V"
"08/17/2021","10:18:02","10","default","328281339","OXY_CH10","20.035","min","193.536","μmol/L","Humid","21.040","deg","101528","µV","28.123","°C","1015.000","hPa","35.0","pmil","0","55.560","deg","20.000","°C","100.000","%a.s.","22.340","deg","20.000","°C","962.000","hPa","0.861","-0.02617","0.00035","0","0","13.56","Humid","31.50","0","54.10","280705.73","SABD0002000014","AAV2.0.0.13","3.0.1.1413","PSt7-10","180509-029","9/13/2019 10:47:01 AM","0000-00","0","no battery","V"
"08/17/2021","10:18:03","10","default","328281339","OXY_CH10","20.052","min","193.640","μmol/L","Humid","21.036","deg","101532","µV","28.117","°C","1015.000","hPa","35.0","pmil","0","55.560","deg","20.000","°C","100.000","%a.s.","22.340","deg","20.000","°C","962.000","hPa","0.861","-0.02617","0.00035","0","0","13.56","Humid","31.50","0","54.10","280710.32","SABD0002000014","AAV2.0.0.13","3.0.1.1413","PSt7-10","180509-029","9/13/2019 10:47:01 AM","0000-00","0","no battery","V"
"08/17/2021","10:18:04","10","default","328281339","OXY_CH10","20.069","min","193.607","μmol/L","Humid","21.040","deg","101525","µV","28.111","°C","1015.000","hPa","35.0","pmil","0","55.560","deg","20.000","°C","100.000","%a.s.","22.340","deg","20.000","°C","962.000","hPa","0.861","-0.02617","0.00035","0","0","13.56","Humid","31.50","0","54.10","280707.75","SABD0002000014","AAV2.0.0.13","3.0.1.1413","PSt7-10","180509-029","9/13/2019 10:47:01 AM","0000-00","0","no battery","V"
"08/17/2021","10:18:05","10","default","328281339","OXY_CH10","20.086","min","193.623","μmol/L","Humid","21.037","deg","101526","µV","28.117","°C","1015.000","hPa","35.0","pmil","0","55.560","deg","20.000","°C","100.000","%a.s.","22.340","deg","20.000","°C","962.000","hPa","0.861","-0.02617","0.00035","0","0","13.56","Humid","31.50","0","54.10","280704.85","SABD0002000014","AAV2.0.0.13","3.0.1.1413","PSt7-10","180509-029","9/13/2019 10:47:01 AM","0000-00","0","no battery","V"
"08/17/2021","10:18:06","10","default","328281339","OXY_CH10","20.103","min","193.572","μmol/L","Humid","21.040","deg","101522","µV","28.117","°C","1015.000","hPa","35.0","pmil","0","55.560","deg","20.000","°C","100.000","%a.s.","22.340","deg","20.000","°C","962.000","hPa","0.861","-0.02617","0.00035","0","0","13.56","Humid","31.50","0","54.10","280715.18","SABD0002000014","AAV2.0.0.13","3.0.1.1413","PSt7-10","180509-029","9/13/2019 10:47:01 AM","0000-00","0","no battery","V"
"08/17/2021","10:18:07","10","default","328281339","OXY_CH10","20.119","min","193.622","μmol/L","Humid","21.035","deg","101516","µV","28.123","°C","1015.000","hPa","35.0","pmil","0","55.560","deg","20.000","°C","100.000","%a.s.","22.340","deg","20.000","°C","962.000","hPa","0.861","-0.02617","0.00035","0","0","13.56","Humid","31.50","0","54.10","280716.90","SABD0002000014","AAV2.0.0.13","3.0.1.1413","PSt7-10","180509-029","9/13/2019 10:47:01 AM","0000-00","0","no battery","V"
"08/17/2021","10:18:08","10","default","328281339","OXY_CH10","20.135","min","193.656","μmol/L","Humid","21.033","deg","101508","µV","28.123","°C","1015.000","hPa","35.0","pmil","0","55.560","deg","20.000","°C","100.000","%a.s.","22.340","deg","20.000","°C","962.000","hPa","0.861","-0.02617","0.00035","0","0","13.56","Humid","31.50","0","54.10","280710.69","SABD0002000014","AAV2.0.0.13","3.0.1.1413","PSt7-10","180509-029","9/13/2019 10:47:01 AM","0000-00","0","no battery","V"
"08/17/2021","10:18:09","10","default","328281339","OXY_CH10","20.152","min","193.656","μmol/L","Humid","21.033","deg","101504","µV","28.123","°C","1015.000","hPa","35.0","pmil","0","55.560","deg","20.000","°C","100.000","%a.s.","22.340","deg","20.000","°C","962.000","hPa","0.861","-0.02617","0.00035","0","0","13.56","Humid","31.50","0","54.10","280720.77","SABD0002000014","AAV2.0.0.13","3.0.1.1413","PSt7-10","180509-029","9/13/2019 10:47:01 AM","0000-00","0","no battery","V"
"08/17/2021","10:18:10","10","default","328281339","OXY_CH10","20.169","min","193.622","μmol/L","Humid","21.035","deg","101494","µV","28.123","°C","1015.000","hPa","35.0","pmil","0","55.560","deg","20.000","°C","100.000","%a.s.","22.340","deg","20.000","°C","962.000","hPa","0.861","-0.02617","0.00035","0","0","13.56","Humid","31.50","0","54.10","280720.68","SABD0002000014","AAV2.0.0.13","3.0.1.1413","PSt7-10","180509-029","9/13/2019 10:47:01 AM","0000-00","0","no battery","V"
"08/17/2021","10:18:11","10","default","328281339","OXY_CH10","20.185","min","193.692","μmol/L","Humid","21.033","deg","101497","µV","28.117","°C","1015.000","hPa","35.0","pmil","0","55.560","deg","20.000","°C","100.000","%a.s.","22.340","deg","20.000","°C","962.000","hPa","0.861","-0.02617","0.00035","0","0","13.56","Humid","31.50","0","54.10","280720.84","SABD0002000014","AAV2.0.0.13","3.0.1.1413","PSt7-10","180509-029","9/13/2019 10:47:01 AM","0000-00","0","no battery","V"
"08/17/2021","10:18:12","10","default","328281339","OXY_CH10","20.202","min","193.709","μmol/L","Humid","21.032","deg","101489","µV","28.117","°C","1015.000","hPa","35.0","pmil","0","55.560","deg","20.000","°C","100.000","%a.s.","22.340","deg","20.000","°C","962.000","hPa","0.861","-0.02617","0.00035","0","0","13.56","Humid","31.50","0","54.10","280721.23","SABD0002000014","AAV2.0.0.13","3.0.1.1413","PSt7-10","180509-029","9/13/2019 10:47:01 AM","0000-00","0","no battery","V"
"08/17/2021","10:18:13","10","default","328281339","OXY_CH10","20.219","min","193.673","μmol/L","Humid","21.032","deg","101484","µV","28.123","°C","1015.000","hPa","35.0","pmil","0","55.560","deg","20.000","°C","100.000","%a.s.","22.340","deg","20.000","°C","962.000","hPa","0.861","-0.02617","0.00035","0","0","13.56","Humid","31.50","0","54.10","280711.18","SABD0002000014","AAV2.0.0.13","3.0.1.1413","PSt7-10","180509-029","9/13/2019 10:47:01 AM","0000-00","0","no battery","V"
"08/17/2021","10:18:14","10","default","328281339","OXY_CH10","20.235","min","193.690","μmol/L","Humid","21.031","deg","101477","µV","28.123","°C","1015.000","hPa","35.0","pmil","0","55.560","deg","20.000","°C","100.000","%a.s.","22.340","deg","20.000","°C","962.000","hPa","0.861","-0.02617","0.00035","0","0","13.56","Humid","31.50","0","54.10","280724.84","SABD0002000014","AAV2.0.0.13","3.0.1.1413","PSt7-10","180509-029","9/13/2019 10:47:01 AM","0000-00","0","no battery","V"
"08/17/2021","10:18:15","10","default","328281339","OXY_CH10","20.252","min","193.726","μmol/L","Humid","21.031","deg","101475","µV","28.117","°C","1015.000","hPa","35.0","pmil","0","55.560","deg","20.000","°C","100.000","%a.s.","22.340","deg","20.000","°C","962.000","hPa","0.861","-0.02617","0.00035","0","0","13.56","Humid","31.50","0","54.10","280722.25","SABD0002000014","AAV2.0.0.13","3.0.1.1413","PSt7-10","180509-029","9/13/2019 10:47:01 AM","0000-00","0","no battery","V"
"08/17/2021","10:18:16","10","default","328281339","OXY_CH10","20.269","min","193.742","μmol/L","Humid","21.028","deg","101466","µV","28.123","°C","1015.000","hPa","35.0","pmil","0","55.560","deg","20.000","°C","100.000","%a.s.","22.340","deg","20.000","°C","962.000","hPa","0.861","-0.02617","0.00035","0","0","13.56","Humid","31.50","0","54.10","280714.16","SABD0002000014","AAV2.0.0.13","3.0.1.1413","PSt7-10","180509-029","9/13/2019 10:47:01 AM","0000-00","0","no battery","V"
"08/17/2021","10:18:17","10","default","328281339","OXY_CH10","20.286","min","193.725","μmol/L","Humid","21.029","deg","101458","µV","28.123","°C","1015.000","hPa","35.0","pmil","0","55.560","deg","20.000","°C","100.000","%a.s.","22.340","deg","20.000","°C","962.000","hPa","0.861","-0.02617","0.00035","0","0","13.56","Humid","31.50","0","54.10","280720.87","SABD0002000014","AAV2.0.0.13","3.0.1.1413","PSt7-10","180509-029","9/13/2019 10:47:01 AM","0000-00","0","no battery","V"
"08/17/2021","10:18:18","10","default","328281339","OXY_CH10","20.302","min","193.655","μmol/L","Humid","21.031","deg","101461","µV","28.129","°C","1015.000","hPa","35.0","pmil","0","55.560","deg","20.000","°C","100.000","%a.s.","22.340","deg","20.000","°C","962.000","hPa","0.861","-0.02617","0.00035","0","0","13.56","Humid","31.50","0","54.10","280721.57","SABD0002000014","AAV2.0.0.13","3.0.1.1413","PSt7-10","180509-029","9/13/2019 10:47:01 AM","0000-00","0","no battery","V"
"08/17/2021","10:18:19","10","default","328281339","OXY_CH10","20.319","min","193.742","μmol/L","Humid","21.028","deg","101462","µV","28.123","°C","1015.000","hPa","35.0","pmil","0","55.560","deg","20.000","°C","100.000","%a.s.","22.340","deg","20.000","°C","962.000","hPa","0.861","-0.02617","0.00035","0","0","13.56","Humid","31.50","0","54.10","280718.09","SABD0002000014","AAV2.0.0.13","3.0.1.1413","PSt7-10","180509-029","9/13/2019 10:47:01 AM","0000-00","0","no battery","V"
"08/17/2021","10:18:20","10","default","328281339","OXY_CH10","20.335","min","193.776","μmol/L","Humid","21.026","deg","101459","µV","28.123","°C","1015.000","hPa","35.0","pmil","0","55.560","deg","20.000","°C","100.000","%a.s.","22.340","deg","20.000","°C","962.000","hPa","0.861","-0.02617","0.00035","0","0","13.56","Humid","31.50","0","54.10","280728.69","SABD0002000014","AAV2.0.0.13","3.0.1.1413","PSt7-10","180509-029","9/13/2019 10:47:01 AM","0000-00","0","no battery","V"
"08/17/2021","10:18:21","10","default","328281339","OXY_CH10","20.352","min","193.899","μmol/L","Humid","21.023","deg","101454","µV","28.111","°C","1015.000","hPa","35.0","pmil","0","55.560","deg","20.000","°C","100.000","%a.s.","22.340","deg","20.000","°C","962.000","hPa","0.861","-0.02617","0.00035","0","0","13.56","Humid","31.50","0","54.10","280720.35","SABD0002000014","AAV2.0.0.13","3.0.1.1413","PSt7-10","180509-029","9/13/2019 10:47:01 AM","0000-00","0","no battery","V"
"08/17/2021","10:18:22","10","default","328281339","OXY_CH10","20.369","min","193.776","μmol/L","Humid","21.026","deg","101449","µV","28.123","°C","1015.000","hPa","35.0","pmil","0","55.560","deg","20.000","°C","100.000","%a.s.","22.340","deg","20.000","°C","962.000","hPa","0.861","-0.02617","0.00035","0","0","13.56","Humid","31.50","0","54.10","280730.53","SABD0002000014","AAV2.0.0.13","3.0.1.1413","PSt7-10","180509-029","9/13/2019 10:47:01 AM","0000-00","0","no battery","V"
"08/17/2021","10:18:23","10","default","328281339","OXY_CH10","20.385","min","193.829","μmol/L","Humid","21.025","deg","101454","µV","28.117","°C","1015.000","hPa","35.0","pmil","0","55.560","deg","20.000","°C","100.000","%a.s.","22.340","deg","20.000","°C","962.000","hPa","0.861","-0.02617","0.00035","0","0","13.56","Humid","31.50","0","54.10","280730.09","SABD0002000014","AAV2.0.0.13","3.0.1.1413","PSt7-10","180509-029","9/13/2019 10:47:01 AM","0000-00","0","no battery","V"
"08/17/2021","10:18:24","10","default","328281339","OXY_CH10","20.402","min","193.811","μmol/L","Humid","21.024","deg","101449","µV","28.123","°C","1015.000","hPa","35.0","pmil","0","55.560","deg","20.000","°C","100.000","%a.s.","22.340","deg","20.000","°C","962.000","hPa","0.861","-0.02617","0.00035","0","0","13.56","Humid","31.50","0","54.10","280721.30","SABD0002000014","AAV2.0.0.13","3.0.1.1413","PSt7-10","180509-029","9/13/2019 10:47:01 AM","0000-00","0","no battery","V"
"08/17/2021","10:18:25","10","default","328281339","OXY_CH10","20.419","min","193.881","μmol/L","Humid","21.022","deg","101445","µV","28.117","°C","1015.000","hPa","35.0","pmil","0","55.560","deg","20.000","°C","100.000","%a.s.","22.340","deg","20.000","°C","962.000","hPa","0.861","-0.02617","0.00035","0","0","13.56","Humid","31.50","0","54.10","280722.49","SABD0002000014","AAV2.0.0.13","3.0.1.1413","PSt7-10","180509-029","9/13/2019 10:47:01 AM","0000-00","0","no battery","V"
"08/17/2021","10:18:26","10","default","328281339","OXY_CH10","20.436","min","193.915","μmol/L","Humid","21.020","deg","101446","µV","28.117","°C","1015.000","hPa","35.0","pmil","0","55.560","deg","20.000","°C","100.000","%a.s.","22.340","deg","20.000","°C","962.000","hPa","0.861","-0.02617","0.00035","0","0","13.56","Humid","31.50","0","54.10","280729.50","SABD0002000014","AAV2.0.0.13","3.0.1.1413","PSt7-10","180509-029","9/13/2019 10:47:01 AM","0000-00","0","no battery","V"
"08/17/2021","10:18:27","10","default","328281339","OXY_CH10","20.453","min","193.898","μmol/L","Humid","21.021","deg","101434","µV","28.117","°C","1015.000","hPa","35.0","pmil","0","55.560","deg","20.000","°C","100.000","%a.s.","22.340","deg","20.000","°C","962.000","hPa","0.861","-0.02617","0.00035","0","0","13.56","Humid","31.50","0","54.10","280726.69","SABD0002000014","AAV2.0.0.13","3.0.1.1413","PSt7-10","180509-029","9/13/2019 10:47:01 AM","0000-00","0","no battery","V"
"08/17/2021","10:18:28","10","default","328281339","OXY_CH10","20.469","min","193.914","μmol/L","Humid","21.018","deg","101422","µV","28.123","°C","1015.000","hPa","35.0","pmil","0","55.560","deg","20.000","°C","100.000","%a.s.","22.340","deg","20.000","°C","962.000","hPa","0.861","-0.02617","0.00035","0","0","13.56","Humid","31.50","0","54.10","280727.19","SABD0002000014","AAV2.0.0.13","3.0.1.1413","PSt7-10","180509-029","9/13/2019 10:47:01 AM","0000-00","0","no battery","V"

"Date","Time","delta_t","Device_Serial","Channel","User","Annotation"
